sort,id,parent,scheme,context,domain,property,skos_exactMatch,rdfs_comment_en,skos_prefLabel_en,skos_altLabel_en,skos_hiddenLabel_en,skos_prefLabel_de,skos_altLabel_de,skos_prefLabel_fr,skos_altLabel_fr,skos_prefLabel_it,skos_altLabel_it,skos_definition_en
0,http://vocab.performing-arts.ch/ih,,True,Actor,crm:E51_Contact_Point,crm:P2_has_type,,,contact point,,,Kontakt,,contact,,contatto,,
1,http://vocab.performing-arts.ch/ihtxc,http://vocab.performing-arts.ch/ih,False,Actor,,,,,address,,,Adresse,,adresse,,indirizzo,,
2,http://vocab.performing-arts.ch/ihvhu,http://vocab.performing-arts.ch/ih,False,Actor,,,,,telephone,,,Telefon,,téléphone,,numero di telefono,,
3,http://vocab.performing-arts.ch/ihrml,http://vocab.performing-arts.ch/ih,False,Actor,,,,,e-mail,,,E-Mail,,courrier électronique,,e-mail,,
4,http://vocab.performing-arts.ch/ihctx,http://vocab.performing-arts.ch/ih,False,Actor,,,,,website,,,Website,,site web,,sito web,,
5,http://vocab.performing-arts.ch/kn,,True,Actor,crm:E21_Person,crm:P107i_is_current_or_former_member_of,,,gender,,,,,genre,,,,
6,http://vocab.performing-arts.ch/knsiw,http://vocab.performing-arts.ch/kn,False,Actor,,,aat:300189557; rdagd:1001,,female,,,weiblich,,féminin,,femminile,,
7,http://vocab.performing-arts.ch/knept,http://vocab.performing-arts.ch/kn,False,Actor,,,aat:300189559; rdagd:1002,,male,,,männlich,,masculin,,maschile,,
8,http://vocab.performing-arts.ch/knnvd,http://vocab.performing-arts.ch/kn,False,Actor,,,,,other,,,anderes,,autre,,altro,,
9,http://vocab.performing-arts.ch/ya,,True,Actor,crm:E41_Appellation,crm:P2_has_type,,,appellation,,,,,appellation,,,,
10,http://vocab.performing-arts.ch/yakdx,http://vocab.performing-arts.ch/ya,False,Actor,,,aat:300404650,name of an actor,name,,,Name,,nom,,nome,,
11,http://vocab.performing-arts.ch/yatcx,http://vocab.performing-arts.ch/yakdx,False,Actor,,,aat:300404687,commonly used name of a person,common name,preferred name,,Gebräuchlicher Name,Bevorzugter Name,nom d’usage,,nome comunemente usato,nome comune,
12,http://vocab.performing-arts.ch/yadpx,http://vocab.performing-arts.ch/yakdx,False,Actor,,,aat:300404681,,birth name,,,Geburtsname,,nom de naissance,,nome di nascita,nome di famiglia,
13,http://vocab.performing-arts.ch/yallb,http://vocab.performing-arts.ch/yakdx,False,Actor,,,aat:300404683,,married name,,,Ehename,,nom marital,,nome da sposato/a,,
14,http://vocab.performing-arts.ch/yaajh,http://vocab.performing-arts.ch/yakdx,False,Actor,,,aat:300404657,,pseudonym,stage name,,Pseudonym,Bühnenname;Künstlername,pseudonyme,,pseudonimo,nome d’arte,
15,http://vocab.performing-arts.ch/yanuj,http://vocab.performing-arts.ch/yakdx,False,Actor,,,aat:300404686,official name of a group or institution,official name,,,Offizieller Name,,nom officiel,,nome ufficiale,,
16,http://vocab.performing-arts.ch/yavtx,http://vocab.performing-arts.ch/yakdx,False,Actor,,,aat:300404664,alternative name of a group or institution,alternative name,alias,,Alternativer Name,,nom alternatif,,nome alternativo,,
17,http://vocab.performing-arts.ch/yamqk,http://vocab.performing-arts.ch/yakdx,False,Actor,,,aat:300404659,acronym for the name of a group or institution,acronym,,,Akronym,,acronyme,,acronimo,,
18,http://vocab.performing-arts.ch/yasis,http://vocab.performing-arts.ch/yakdx,False,Actor,,,aat:300404658,,generic name,appellation,,Generische Bezeichnung,,nom générique,,nome generico,,
19,http://vocab.performing-arts.ch/yauzw,http://vocab.performing-arts.ch/yakdx,False,Actor,,,,,byline,,,Byline,,byline,,byline,,
20,http://vocab.performing-arts.ch/go,,True,Work,crm:E35_Title,crm:P2_has_type,,,title type,,,Titelart,,type de titre,,titolo,,
21,http://vocab.performing-arts.ch/gotlb,http://vocab.performing-arts.ch/go,False,Work,,,aat:300417193,title of a work,title,,,Titel,,titre,,titolo,,
22,http://vocab.performing-arts.ch/goctm,http://vocab.performing-arts.ch/go,False,Work,,,aat:300312006,,subtitle,,,Untertitel,,sous-titre,,sottotitolo,,
23,http://vocab.performing-arts.ch/gogja,http://vocab.performing-arts.ch/go,False,Work,,,aat:300417226,,alternative title,,,Alternativtitel,,titre alternatif,,titolo alternativo,,
24,http://vocab.performing-arts.ch/goctj,http://vocab.performing-arts.ch/go,False,Work,,,aat:300417210,,abbreviated title,,,Kurztitel,,titre abrégé,,titolo breve,titolo abbreviato,
25,http://vocab.performing-arts.ch/gowgn,http://vocab.performing-arts.ch/go,False,Work,,,aat:300417228,,working title,,,Arbeitstitel,,titre de travail,,titolo del lavoro,titolo dell’opera,
26,http://vocab.performing-arts.ch/vr,,True,Actor,crm:E74_Group,crm:P2_has_type,,form of organisation and general purpose,group type,,,Gruppenart,,type de groupe,,,,
27,http://vocab.performing-arts.ch/vrjhq,http://vocab.performing-arts.ch/vr,False,Actor,,,wd:Q15911314,,association,,,Verband,,association,,associazione,,
28,http://vocab.performing-arts.ch/vrctx,http://vocab.performing-arts.ch/vrjhq,False,Actor,,,,,promoter,,,Fördergesellschaft,,promoteur,,promotore/promotrice,società di promozione; promoter,
29,http://vocab.performing-arts.ch/vrsiw,http://vocab.performing-arts.ch/vrjhq,False,Actor,,,,,visitor care,,,Besucherorganisation,,association des visiteurs,,associazione degli spettatori,,
30,http://vocab.performing-arts.ch/vrxbs,http://vocab.performing-arts.ch/vr,False,Actor,,,,,artistic producer,,,künstlerischer Produzent,,producteur artistique,,produttore artistico,,
31,http://vocab.performing-arts.ch/vrmpj,http://vocab.performing-arts.ch/vrxbs,False,Actor,,,,,artistic professional producer,,,künstlerischer professioneller Produzent,,producteur artistique professionel,,produttore artistico professionista,,
32,http://vocab.performing-arts.ch/vrdat,http://vocab.performing-arts.ch/vrxbs,False,Actor,,,,,artistic amateur producer,,,künstlerischer Amateurproduzent,,producteur artistique amateur,,produttore artistico amatoriale,,
33,http://vocab.performing-arts.ch/vrjva,http://vocab.performing-arts.ch/vrxbs,False,Actor,,,,,subcompany,subensemble,,Teilensemble,,sous-ensemble,,sottocompagnia,,
34,http://vocab.performing-arts.ch/vrxrs,http://vocab.performing-arts.ch/vr,False,Actor,,,,,organizer,,,Veranstalter,,organisateur,,organizzatore,,
35,http://vocab.performing-arts.ch/vrfcm,http://vocab.performing-arts.ch/vrxrs,False,Actor,,,,,guest performance host,,,Gastspielhaus,,Théâtre d’accueil,,teatro ospitante,,
36,http://vocab.performing-arts.ch/vripy,http://vocab.performing-arts.ch/vr,False,Actor,,,wd:Q1751626;gnd:4501725-6,,festival,theatre festival,,Festival,Theaterfestival,festival,festival de théâtre,festival,festival del teatro; festival teatrale,
37,http://vocab.performing-arts.ch/vriww,http://vocab.performing-arts.ch/vr,False,Actor,,,,,Festspiel,,,Festspiel,,Festspiel (fète commémorative),,Festspiel (festa commemorativa),,
38,http://vocab.performing-arts.ch/vrnkf,http://vocab.performing-arts.ch/vr,False,Actor,,,,,open air play,,,Freilichtspiel,,jeu en plein air,,Freilichtspiel (spettacolo open air),,
39,http://vocab.performing-arts.ch/vrnmd,http://vocab.performing-arts.ch/vr,False,Actor,,,,,media producer,,,Medienproduzent,,producteur de médias,,produttore di media,,
40,http://vocab.performing-arts.ch/vrjiw,http://vocab.performing-arts.ch/vr,False,Actor,,,,,responsible body,,,Trägerschaft,,organisme responsable,,ente responsabile,,
41,http://vocab.performing-arts.ch/vriuw,http://vocab.performing-arts.ch/vr,False,Actor,,,wd:Q352450;gnd:4480144-0,,agency,,,Agentur,,agence,,agenzia,,
42,http://vocab.performing-arts.ch/vrbjn,http://vocab.performing-arts.ch/vriuw,False,Actor,,,,,fundraising agency,,,Fundraising-Agentur,,agence de collecte de fonds,,agenzia di raccolta fondi,,
43,http://vocab.performing-arts.ch/vrvyr,http://vocab.performing-arts.ch/vriuw,False,Actor,,,,,communication agency,PR agency,,Kommunikationsagentur,,agence de communication,,agenzia di comunicazione,,
44,http://vocab.performing-arts.ch/vrbyg,http://vocab.performing-arts.ch/vriuw,False,Actor,,,wd:Q5354754,,artist agency,talent agency,,Künstleragentur,,agence d’artistes,,agenzia di artisti,,
45,http://vocab.performing-arts.ch/vrmjk,http://vocab.performing-arts.ch/vr,False,Actor,,,,,educational institution,,,Bildungsinstitution,,institution de formation,,istituzione di formazione,,
46,http://vocab.performing-arts.ch/vrggs,http://vocab.performing-arts.ch/vr,False,Actor,,,wd:Q166118;gnd:4002859-8,,archive,,,Archiv,,archives,,archivio,,
47,http://vocab.performing-arts.ch/vriqe,http://vocab.performing-arts.ch/vr,False,Actor,,,wd:Q7075;gnd:4006439-6,,library,,,Bibliothek,,bibliothèque,,biblioteca,,
48,http://vocab.performing-arts.ch/vrsjj,http://vocab.performing-arts.ch/vr,False,Actor,,,wd:Q33506;gnd:4040795-0,,museum,,,Museum,,musée,,museo,,
49,http://vocab.performing-arts.ch/vrorh,http://vocab.performing-arts.ch/vr,False,Actor,,,wd:Q2085381;gnd:4063004-3,,publisher,,,Verlag,,maison d’édition,,casa editrice,,
50,http://vocab.performing-arts.ch/vrlpp,http://vocab.performing-arts.ch/vr,False,Actor,,,,,"award, competition",,,"Preis, Wettbewerb",,"prix, concurrence",,"premio, concorso",,
51,http://vocab.performing-arts.ch/mn,,True,Work,frbroo:F20_Performance_Work; crm:E7_Activity,crm:P2_has_type,,,genre,,,Genre,,genre,,,,
52,http://vocab.performing-arts.ch/mneyg,http://vocab.performing-arts.ch/mn,False,Work,,,aat:300054148;wd:Q39892385,,spoken theatre,drama,,Sprechtheater,Schaupiel; Drama,théâtre parlé,,teatro drammatico,teatro di prosa; arte drammatica,
53,http://vocab.performing-arts.ch/mnxrs,http://vocab.performing-arts.ch/mneyg,False,Work,,,wd:Q3096995,,avant-garde theatre,experimental theatre,,Avantgardetheater,Experimentelles Theater,théâtre avant-gardiste,théâtre expérimental,teatro d’avanguardia,teatro sperimentale,
54,http://vocab.performing-arts.ch/mnjiw,http://vocab.performing-arts.ch/mnxrs,False,Work,,,,,theatre of the absurd,,,Absurdes Theater,,théâtre de l’absurde,,teatro dell’assurdo,,
55,http://vocab.performing-arts.ch/mniuw,http://vocab.performing-arts.ch/mnxrs,False,Work,,,,,dadaism,dada; dada-theatre,,Dadaismus,Dada; Dadaistisches Theater; Dada-Theater,mouvement dada,"dada, dada-théâtre",dadaismo,dada; dadaista,
56,http://vocab.performing-arts.ch/mnmjk,http://vocab.performing-arts.ch/mnxrs,False,Work,,,,,surrealism theatre,,,Surrealistisches Theater,,théâtre surréaliste,,teatro surrealista,,
57,http://vocab.performing-arts.ch/mnggs,http://vocab.performing-arts.ch/mneyg,False,Work,,,wd:Q5151421,,comedy,,,Komödie,Lustpiel,comédie,,commedia,,
58,http://vocab.performing-arts.ch/mniqe,http://vocab.performing-arts.ch/mnggs,False,Work,,,gnd:4192524-5;wd:Q217117,,burleske,,,Burleske,,burlesque,,burlesque,,
59,http://vocab.performing-arts.ch/mnsjj,http://vocab.performing-arts.ch/mnggs,False,Work,,,,,mockery,,,Posse,,farce,,farsa,posse,
60,http://vocab.performing-arts.ch/mnorh,http://vocab.performing-arts.ch/mnggs,False,Work,,,,,satire,,,Satire,,satire,,satira,,
61,http://vocab.performing-arts.ch/mnvlp,http://vocab.performing-arts.ch/mnggs,False,Work,,,gnd:4053736-5;wd:Q11871,,droll story,schwank,,Schwank,,farce,schwank,farsa,schwank,
62,http://vocab.performing-arts.ch/mndyg,http://vocab.performing-arts.ch/mnggs,False,Work,,,,,parody,,,Parodie,,parodie,,parodia,,
63,http://vocab.performing-arts.ch/mnseo,http://vocab.performing-arts.ch/mneyg,False,Work,,,,,flash drama,dramolet; microdama; one-act play; monologue,,Minidrama,Dramolett; Mikrodrama; Einakter; Monolog,mini-drame,micro-drame; pièce en un acte; monologue,mini-dramma,micro-dramma; dramoletto; monologo,
64,http://vocab.performing-arts.ch/mnlxt,http://vocab.performing-arts.ch/mneyg,False,Work,,,gnd:4060591-7;wd:Q80930,,tragedy,,,Tragödie,,tragédie,,tragedia,,
65,http://vocab.performing-arts.ch/mnbcj,http://vocab.performing-arts.ch/mnlxt,False,Work,,,aat:300375153;gnd:4169388-7;wd:Q191489,,melodrama,,,Melodrama,,mélodrame,,melodramma,,
66,http://vocab.performing-arts.ch/mnaxq,http://vocab.performing-arts.ch/mneyg,False,Work,,,wd:Q634138,,documentary theatre,,,Dokumentarisches Theater,Dokumentartheater,théâtre documentaire,,teatro documentario,,
67,http://vocab.performing-arts.ch/mnanz,http://vocab.performing-arts.ch/mneyg,False,Work,,,wd:Q442725,,political theatre,agitprop-theatre,,Politisches Theater,Propagandistisches Theater; Agit-Prop-Theater,théâtre politique,théâtre d’agitprop,teatro politico,teatro di propaganda; teatro agit-prop,
68,http://vocab.performing-arts.ch/mnoic,http://vocab.performing-arts.ch/mneyg,False,Work,,,wd:Q2106021,,postdramatic theatre,,,Postdramatisches Theater,,théâtre post-dramatique,,teatro post-drammatico,,
69,http://vocab.performing-arts.ch/mnznu,http://vocab.performing-arts.ch/mneyg,False,Work,,,wd:Q39894018,,drama with music,,,Schauspiel mit Musik,,théâtre avec musique,,teatro con musica,,
70,http://vocab.performing-arts.ch/mnzgw,http://vocab.performing-arts.ch/mneyg,False,Work,,,,,reading,,,Lesung,szenische Lesung; Rezitation,lecture,,lettura pubblica,,
71,http://vocab.performing-arts.ch/mnjva,http://vocab.performing-arts.ch/mneyg,False,Work,,,wd:Q2635894;gnd:4025435-5,,audio drama,,,Hörspiel,,théâtre radiophonique,,radiodramma,,
72,http://vocab.performing-arts.ch/mnyuk,http://vocab.performing-arts.ch/mn,False,Work,,,aat:300417617,,musical theatre,,,Musiktheater,,théâtre musical,théâtre lyrique,teatro musicale,,
73,http://vocab.performing-arts.ch/mnbfm,http://vocab.performing-arts.ch/mnyuk,False,Work,,,aat:300054147;wd:Q1344,,opera,,,Oper,,opéra,théâtre lyrique,opera,teatro lirico,
74,http://vocab.performing-arts.ch/mnols,http://vocab.performing-arts.ch/mnyuk,False,Work,,,wd:Q170384,,operetta,,,Operette,,opérette,,operetta,,
75,http://vocab.performing-arts.ch/mnwna,http://vocab.performing-arts.ch/mnyuk,False,Work,,,wd:Q2743,,musical,,,Musical,,comédie musicale,,musical,,
76,http://vocab.performing-arts.ch/mnkqm,http://vocab.performing-arts.ch/mnyuk,False,Work,,,,,recital,,,Liederabend,Rezital,récital,,concerto vocale,,
77,http://vocab.performing-arts.ch/mnlcp,http://vocab.performing-arts.ch/mn,False,Work,,,,,dance,,,Tanz,,danse,,danza,ballo,
78,http://vocab.performing-arts.ch/mnhbj,http://vocab.performing-arts.ch/mnlcp,False,Work,,,wd:Q1020618,,stage dance,,,Bühnentanz,,danse de scène,,danza di scena,,
79,http://vocab.performing-arts.ch/mnunb,http://vocab.performing-arts.ch/mnhbj,False,Work,,,aat:300389782,,classical dance,,,Klassischer Tanz,,danse classique,,danza classica,balletto,
80,http://vocab.performing-arts.ch/mnblr,http://vocab.performing-arts.ch/mnunb,False,Work,,,,,Ballet russes,,,Ballet russes,,Ballet russes,,Ballet russes,,
81,http://vocab.performing-arts.ch/mndug,http://vocab.performing-arts.ch/mnhbj,False,Work,,,,,neoclassical dance,,,Neoklassischer Tanz,,danse néoclassique,,danza neoclassica,,
82,http://vocab.performing-arts.ch/mnemr,http://vocab.performing-arts.ch/mnhbj,False,Work,,,wd:Q850130,,modern dance,,,Modern Dance,,danse moderne,,danza moderna,,
83,http://vocab.performing-arts.ch/mnfwa,http://vocab.performing-arts.ch/mnemr,False,Work,,,wd:Q778382,,expressionist dance,,,Ausdruckstanz,,danse d’expression,,danza espressionista,,
84,http://vocab.performing-arts.ch/mnppw,http://vocab.performing-arts.ch/mnemr,False,Work,,,,,dance theater,,,Tanztheater,,danse-théâtre,,teatrodanza,,
85,http://vocab.performing-arts.ch/mnddy,http://vocab.performing-arts.ch/mnemr,False,Work,,,,,American modern dance,,,Amerikanischer Modern Dance,,danse moderne américaine,,danza moderna americana,,
86,http://vocab.performing-arts.ch/mntin,http://vocab.performing-arts.ch/mnemr,False,Work,,,wd:Q673769;gnd:4401016-3,,postmodern dance,,,Postmoderner Tanz,,danse postmoderne,,danza postmoderna,,
87,http://vocab.performing-arts.ch/mnlpp,http://vocab.performing-arts.ch/mnhbj,False,Work,,,wd:Q186035,,contemporary dance,,,Zeitgenössischer Tanz,,danse contemporaine,,danza contemporanea,,
88,http://vocab.performing-arts.ch/mnqox,http://vocab.performing-arts.ch/mnhbj,False,Work,,,,,cabaret (dance),,,Cabaret,,danse de cabaret,,danza cabaret,,
89,http://vocab.performing-arts.ch/mngvi,http://vocab.performing-arts.ch/mnlcp,False,Work,,,aat:300389784;wd:Q3209069;gnd:4020651-8,,social dance,,,Gesellschaftstanz,,danse de société,,ballo di gruppo,,
90,http://vocab.performing-arts.ch/mnlok,http://vocab.performing-arts.ch/mngvi,False,Work,,,,,ballroom dances,,,Gesellschaftstänze,,danses de société,,balli di gruppo,,
91,http://vocab.performing-arts.ch/mnqqk,http://vocab.performing-arts.ch/mngvi,False,Work,,,wd:Q738622,,dance sport,,,Tanzsport,,danse sportive,,danza sportiva,,
92,http://vocab.performing-arts.ch/mnmqk,http://vocab.performing-arts.ch/mnlcp,False,Work,,,aat:300389783;gnd:4184448-8,,world dance and culture,,,Tanzkulturen der Welt,,culture et danse du monde,,danze e culture del mondo,,
93,http://vocab.performing-arts.ch/mniyu,http://vocab.performing-arts.ch/mnmqk,False,Work,,,,,Swiss folk dance,,,Schweizer Volkstanz,,danse folklorique suisse,,ballo folkloristico svizzero,danza folkloristica svizzera,
94,http://vocab.performing-arts.ch/mndsg,http://vocab.performing-arts.ch/mnmqk,False,Work,,,,,international folk dance,,,Volkstanz international,,danse folklorique internationale,,ballo folkloristico internazionale,danza folkloristica internazionale,
95,http://vocab.performing-arts.ch/mnlhq,http://vocab.performing-arts.ch/mnmqk,False,Work,,,,,community dance,,,Community Dance,,danse communautaire,,community dance,,
96,http://vocab.performing-arts.ch/mnazh,http://vocab.performing-arts.ch/mnmqk,False,Work,,,,,cult dance,,,Ritueller Tanz,,danse rituelle,,danza rituale,,
97,http://vocab.performing-arts.ch/mnyng,http://vocab.performing-arts.ch/mnlcp,False,Work,,,,,dance education and therapy,,,,,danse thérapie et pédagogie,,danza pedagogica e terapeutica,,
98,http://vocab.performing-arts.ch/mnhzn,http://vocab.performing-arts.ch/mn,False,Work,,,,,[Puppen- und Figurentheater],,,Puppen- und Figurentheater,,théâtre de marionnettes et de figures,,teatro delle marionette e dei burattini,,
99,http://vocab.performing-arts.ch/mnuzw,http://vocab.performing-arts.ch/mnhzn,False,Work,,,,,Puppentheater (puppetry),puppet theatre,,Puppentheater,,théâtre de marionnettes,,teatro delle marionette,teatro di marionette; teatro dei burattini; teatro di burattini,
100,http://vocab.performing-arts.ch/mntjx,http://vocab.performing-arts.ch/mnuzw,False,Work,,,,,marionette theatre,,,Marionettentheater,,théâtre de marionnettes à fils,,teatro delle marionette (a fili),teatro dei pupi; teatro di marionette,
101,http://vocab.performing-arts.ch/mnuyk,http://vocab.performing-arts.ch/mnuzw,False,Work,,,,,finger puppet theatre,,,Fingerpuppentheater,,théâtre de marionnettes à doigt,,teatro dei burattini a dito,teatro dei burattini a dita; teatro di burattini a dito; teatro di burattini a dita,
102,http://vocab.performing-arts.ch/mnjar,http://vocab.performing-arts.ch/mnuzw,False,Work,,,,,hand puppet theatre,,,Handpuppentheater,,théâtre de marionnettes à gaine,spectacle de guginols,teatro dei burattini a guanto,teatro di burattini a guanto,
103,http://vocab.performing-arts.ch/mnhnw,http://vocab.performing-arts.ch/mnuzw,False,Work,,,,,[Stangenmarionettentheater],,,Stangenmarionettentheater,,théâtre de marionettes à tringle,,teatro dei pupi,,
104,http://vocab.performing-arts.ch/mnfey,http://vocab.performing-arts.ch/mnuzw,False,Work,,,,,[Stockpuppentheater],,,Stockpuppentheater,,théâtre de marottes,,teatro dei pupazzi a bastone,teatro dei burattini a bastone; teatro delle marotte; teatro di pupazzi a bastone; teatro di burattini a bastone,
105,http://vocab.performing-arts.ch/mnbiq,http://vocab.performing-arts.ch/mnuzw,False,Work,,,,,[Stabpuppentheater],,,Stabpuppentheater,,théâtre de marionettes à tige,,teatro dei pupazzi a stecca,teatro dei burattini a stecca; teatro dei pupazzi a bacchetta,
106,http://vocab.performing-arts.ch/mniem,http://vocab.performing-arts.ch/mnuzw,False,Work,,,,,[Tischfigurentheater],,,Tischfigurentheater,,théâtre de marionettes à table,,teatro dei pupazzi da tavola,teatro delle figure da tavola,
107,http://vocab.performing-arts.ch/mnhgz,http://vocab.performing-arts.ch/mnuzw,False,Work,,,,,Punch and Judy show,,,Kaspertheater,Kasperltheater; Kasperlitheater,théâtre de guignol,,teatro dei burattini di pulcinella,,
108,http://vocab.performing-arts.ch/mndvh,http://vocab.performing-arts.ch/mnhzn,False,Work,,,aat:300248147;wd:Q588750,,Figurentheater (contemporary puppet theatre),,,Figurentheater,,théâtre de figures,,teatro di figura,,
109,http://vocab.performing-arts.ch/mnzgv,http://vocab.performing-arts.ch/mndvh,False,Work,,,,,object theatre,object puppetry,,Objekttheater,,théâtre d’objet,,teatro d’oggetti,,
110,http://vocab.performing-arts.ch/mnkht,http://vocab.performing-arts.ch/mndvh,False,Work,,,,,toy theatre,paper theatre; model theatre,,Papiertheater,,théâtre de papier,,teatro di carta,,
111,http://vocab.performing-arts.ch/mnvfa,http://vocab.performing-arts.ch/mndvh,False,Work,,,,,shadow theatre,shadow play,,Schattentheater,,ombres chinoises,théâtre d’ombres,ombre cinesi,,
112,http://vocab.performing-arts.ch/mnhaf,http://vocab.performing-arts.ch/mndvh,False,Work,,,,,black light theatre,black theatre,,Schwarzlichttheater,Schwarzes Theater,théâtre noire,,teatro nero,,
113,http://vocab.performing-arts.ch/mnjtg,http://vocab.performing-arts.ch/mnhzn,False,Work,,,,,Puppenspiel (puppetry),,,Puppenspiel,,spectacle de marionnettes,,spettacolo di marionette,spettacolo di burattini,
114,http://vocab.performing-arts.ch/mnlep,http://vocab.performing-arts.ch/mnjtg,False,Work,,,,,therapeutic puppetry,,,Therapeutisches Puppenspiel,,spectacle de marionnettes à but thérapeutique,,teatroterapia con le marionette,,
115,http://vocab.performing-arts.ch/mnusm,http://vocab.performing-arts.ch/mnjtg,False,Work,,,,,pedagogical puppetry,,,Pädagogisches Puppenspiel,,spectacle de marionnettes à but pédagogique,,teatro pedagogico con le marionette,,
116,http://vocab.performing-arts.ch/mnnvd,http://vocab.performing-arts.ch/mn,False,Work,,,,,other,,,andere,,autre,,altro,,
117,http://vocab.performing-arts.ch/mnnmd,http://vocab.performing-arts.ch/mnnvd,False,Work,,,,,chanson,,,Chanson,,chanson,,chanson,,
118,http://vocab.performing-arts.ch/mnbjn,http://vocab.performing-arts.ch/mnnvd,False,Work,,,gnd:7702122-8;wd:Q145806,,stand-up comedy,,,Stand-up-Comedy,,stand-up-comedy,,stand-up,,
119,http://vocab.performing-arts.ch/mnvyr,http://vocab.performing-arts.ch/mnnvd,False,Work,,,,,cabaret,,,Kabarett,,cabaret,,cabaret,,
120,http://vocab.performing-arts.ch/mnbyg,http://vocab.performing-arts.ch/mnnvd,False,Work,,,,,storytelling,,,Erzählkunst,,conte,,storytelling,contastorie,
121,http://vocab.performing-arts.ch/mnubc,http://vocab.performing-arts.ch/mnnvd,False,Work,,,gnd:4187453-5;wd:Q186286,,vaudeville and circus,,,Variête und Zirkus,,vaudeville et cirque,spectacle de travesties,varieté e circo,varietà,
122,http://vocab.performing-arts.ch/mnxbs,http://vocab.performing-arts.ch/mnnvd,False,Work,,,,,pantomime,,,Pantomime,,pantomine,,pantomima,mimo,
123,http://vocab.performing-arts.ch/mnnhz,http://vocab.performing-arts.ch/mnubc,False,Work,,,wd:Q47928;gnd:4067878-7,,circus,,,Zirkus,,cirque,,circo,,
124,http://vocab.performing-arts.ch/mnjzh,http://vocab.performing-arts.ch/mnnhz,False,Work,,,wd:Q194662,,Contemporary Circus,nouveau cirque,,Nouveau Cirque,zeitgenössischer Zirkus,nouveau cirque,cirque contemporain,nouveau cirque,circo contemporaneo,
125,http://vocab.performing-arts.ch/mntcq,http://vocab.performing-arts.ch/mnubc,False,Work,,,,,vaudeville,,,Variête,Artistik; Jonglage; Clownerie,vaudeville,,varieté,varietà; giocoleria; clownerie,
126,http://vocab.performing-arts.ch/mneec,http://vocab.performing-arts.ch/mnubc,False,Work,,,,,magic,,,Zauberkunst,,magie,,magia,,
127,http://vocab.performing-arts.ch/mnawx,http://vocab.performing-arts.ch/mnnvd,False,Work,,,aat:300121445,,performance,performance art,,Performance,,performance,,performance,,
128,http://vocab.performing-arts.ch/mnorx,http://vocab.performing-arts.ch/mnnvd,False,Work,,,aat:300055912;gnd:4010433-3;wd:Q191890,,Commedia dell’arte,,,Commedia dell’arte,,Commedia dell’arte,,Commedia dell’arte,,
129,http://vocab.performing-arts.ch/mnjpt,http://vocab.performing-arts.ch/mnnvd,False,Work,,,,,Japanese theater,,,Japanisches Theater,,théâtre japonais,,teatro giapponese,,
130,http://vocab.performing-arts.ch/mnkbk,http://vocab.performing-arts.ch/mnjpt,False,Work,,,wd:Q199701,,kabuki,,,Kabuki-Theater,,théâtre kabuki,,teatro Kabuki,,
131,http://vocab.performing-arts.ch/mnno,http://vocab.performing-arts.ch/mnjpt,False,Work,,,wd:Q226887,,nō play,,,Nō-Theater,,théâtre nō,,teatro Nō,,
132,http://vocab.performing-arts.ch/mnygb,http://vocab.performing-arts.ch/mnnvd,False,Work,,,,,forum theatre,theatre of the oppressed,,Forumtheater,Theater der Unterdrückten,théâtre forum,,teatro forum,teatro dell’ oppresso,
133,http://vocab.performing-arts.ch/mnddp,http://vocab.performing-arts.ch/mnnvd,False,Work,,,gnd:4183004-0;wd:Q1140700,,improvisational theatre,"improvisation, improv",,Improvisationstheater,Impro,improvisation théâtrale,,improvvisazione teatrale,,
134,http://vocab.performing-arts.ch/mnbxj,http://vocab.performing-arts.ch/mnnvd,False,Work,,,,,mystery play,miracle play,easter drama; passion play; danse macabre,Mysterienspiel,Osterspiel; Passionsspiel; Totentanz,mystère (théâtre),mystère de Pâques; mystère de la Passion; danse macabre,mistero (teatro),mistero della Pasqua; mistero della Passione,
135,http://vocab.performing-arts.ch/mneoj,http://vocab.performing-arts.ch/mnnvd,False,Work,,,,,playback theatre,,,Playbacktheater,,playback théâtre,,playback theatre,,
136,http://vocab.performing-arts.ch/mnjzg,http://vocab.performing-arts.ch/mnnvd,False,Work,,,,,street theatre,,,Strassentheater,,théâtre de rue,,teatro di strada,,
137,http://vocab.performing-arts.ch/mnmeq,http://vocab.performing-arts.ch/mnnvd,False,Work,,,,,invisible theatre,,,Unsichtbares Theater,,théâtre invisible,,teatro invisibile,,
138,http://vocab.performing-arts.ch/mnktz,http://vocab.performing-arts.ch/mnnvd,False,Work,,,,,site-specific peformance,environmental theatre,,site-specific peformance,,site-specific peformance,,site-specific peformance,,
139,http://vocab.performing-arts.ch/mnyhs,http://vocab.performing-arts.ch/mnnvd,False,Work,,,,,open-air theatre,,,Freilichttheater,,théâtre en plein air,,teatro all’aperto,,
140,http://vocab.performing-arts.ch/mnzin,http://vocab.performing-arts.ch/mnnvd,False,Work,,,,,therapeutic theatre,drama therapy,,Therapeutisches Theater,Dramatherapie,théâtre thérapeutique,dramathérapie,teatroterapia,drammaterapia,
141,http://vocab.performing-arts.ch/mnbhp,http://vocab.performing-arts.ch/mn,False,Work,,,,,youth,,,Jugend,,jeunesse,,gioventù,,
142,http://vocab.performing-arts.ch/hl,,True,Work,frbroo:F31_Performance,crm:P2_has_type,,,performance type,,,Performance-Art,,type de performance,,tipo di performance,,
143,http://vocab.performing-arts.ch/hlamu,http://vocab.performing-arts.ch/hl,False,Work,,,,,premiere,,,Erstaufführung,,première,,prima,,
144,http://vocab.performing-arts.ch/hlhey,http://vocab.performing-arts.ch/hlamu,False,Work,,,,,world premiere,,,Uraufführung,,première mondiale,,prima mondiale,,
145,http://vocab.performing-arts.ch/hlwdj,http://vocab.performing-arts.ch/hlamu,False,Work,,,,,European premiere,,,Europäische Erstaufführung,,première européenne,,prima europera,,
146,http://vocab.performing-arts.ch/hluxz,http://vocab.performing-arts.ch/hlamu,False,Work,,,,,Swiss premiere,,,Schweizerische Erstaufführung,,première suisse,,prima svizzera,,
147,http://vocab.performing-arts.ch/hlosp,http://vocab.performing-arts.ch/hlamu,False,Work,,,,,German language premiere,,,Deutschsprachige Erstaufführung,,première en allemand,,prima in lingua tedesca,,
148,http://vocab.performing-arts.ch/hlboj,http://vocab.performing-arts.ch/hlamu,False,Work,,,,,French language premiere,,,Französischsprachige Erstaufführung,,première en français,,prima in lingua francese,,
149,http://vocab.performing-arts.ch/hlchl,http://vocab.performing-arts.ch/hlamu,False,Work,,,,,Italian language premiere,,,Italienischsprachige Erstaufführung,,première en italien,,prima in lingua italiana,,
150,http://vocab.performing-arts.ch/hltwd,http://vocab.performing-arts.ch/hl,False,Work,,,,,restaging,,,Neuinszenierung,,nouvelle mise en scène,,nuovo allestimento,nuova messinscena,
151,http://vocab.performing-arts.ch/hlprv,http://vocab.performing-arts.ch/hl,False,Work,,,,,revival,,,Wiederaufnahme,,reprise,,ripresa,,
152,http://vocab.performing-arts.ch/hlepi,http://vocab.performing-arts.ch/hl,False,Work,,,,,guest performance,,,Gastspiel,,spectacle invité,,produzione ospite,,
153,http://vocab.performing-arts.ch/hlyjh,http://vocab.performing-arts.ch/hl,False,Work,,,,,matinee,,,Matinee,,matinée,,matinée,,
154,http://vocab.performing-arts.ch/hlvtx,http://vocab.performing-arts.ch/hl,False,Work,,,,,dernière,,,Dernière,,dernière,,dernière,,
155,http://vocab.performing-arts.ch/rg,,True,Work,frbroo:F26_Recording,crm:P2_has_type,,,recording genre,,,,,genre d’enregistrement,,,,
156,http://vocab.performing-arts.ch/rgssr,http://vocab.performing-arts.ch/rg,False,Work,,,,,stage or studio recording,,,Bühnen- und Studioaufzeichnung,,enregistrement sur scène et en studio,,registrazione della messa in scena e in studio,,
157,http://vocab.performing-arts.ch/rgrhr,http://vocab.performing-arts.ch/rg,False,Work,,,,,rehearsal recording,,,Aufzeichnung Probe,,enregistrement de répétition,,registrazione delle prove,,
158,http://vocab.performing-arts.ch/rgdcf,http://vocab.performing-arts.ch/rg,False,Work,,,,,documentary film,,,Dokumentarfilm,,film documentaire,,documentario,,
159,http://vocab.performing-arts.ch/rgint,http://vocab.performing-arts.ch/rg,False,Work,,,,,interview,,,Interview,,interview,,intervista,,
160,http://vocab.performing-arts.ch/rgprt,http://vocab.performing-arts.ch/rg,False,Work,,,,,portrait,,,Porträt,,portrait,,ritratto,,
161,http://vocab.performing-arts.ch/rgedu,http://vocab.performing-arts.ch/rg,False,Work,,,,,educational film,,,Lehrfilm,,film pédagogique,,film pedagogico,,
162,http://vocab.performing-arts.ch/rgcmp,http://vocab.performing-arts.ch/rg,False,Work,,,,,compilation,,,Sammelband,,recueil,,antologia,,
163,http://vocab.performing-arts.ch/rgdnf,http://vocab.performing-arts.ch/rg,False,Work,,,,,dance film,,,Tanzfilm,,film de danse,,film di danza,,
164,http://vocab.performing-arts.ch/rgvdd,http://vocab.performing-arts.ch/rg,False,Work,,,,,video dance,,,Videotanz,,vidéo de danse,,video di danza,,
165,http://vocab.performing-arts.ch/rgcmt,http://vocab.performing-arts.ch/rg,False,Work,,,,,commercial trailer,,,Werbetrailer,,film publicitaire,,trailer pubblicitario,,
166,http://vocab.performing-arts.ch/rgprv,http://vocab.performing-arts.ch/rg,False,Work,,,,,private recording,,,Aufnahme aus privatem Umfeld,,enregistrement privé,,registrazione privata,,
167,http://vocab.performing-arts.ch/rgtvr,http://vocab.performing-arts.ch/rg,False,Work,,,,,tv recording,,,Fernsehaufzeichnung,,enregistrement TV,,registrazione TV,,
168,http://vocab.performing-arts.ch/rgexp,http://vocab.performing-arts.ch/rg,False,Work,,,,,excerpt,,,Ausschnitt,,extrait,,estratto,,
169,http://vocab.performing-arts.ch/dw,,True,Object,crm:E22_Man-Made_Object,crm:P2_has_type,,,object type,,,,,,,,,
170,http://vocab.performing-arts.ch/dwmkn,http://vocab.performing-arts.ch/dw,False,Object,,,,,venue,,,Bühne,,lieu de représentation,,palco,palcoscenico,
171,http://vocab.performing-arts.ch/dwelq,http://vocab.performing-arts.ch/dw,False,Object,,,,,item,,,Objekt,,objet,,oggetto,,
172,http://vocab.performing-arts.ch/eo,,True,Object,crm:E62_String,crm:P2_has_type,,,note type,,,,,type de note,,,,
173,http://vocab.performing-arts.ch/eoept,http://vocab.performing-arts.ch/eo,False,Object,,,,,description,,,Beschreibung,,description,,descrizione,,
174,http://vocab.performing-arts.ch/eonvd,http://vocab.performing-arts.ch/eo,False,Object,,,,,public note,,,öffentliche Anmerkung,,note publique,,nota pubblica,,
175,http://vocab.performing-arts.ch/eokdx,http://vocab.performing-arts.ch/eo,False,Object,,,,,internal note,,,interner Anmerkung,,note interne,,nota interna,,
176,http://vocab.performing-arts.ch/eonct,http://vocab.performing-arts.ch/eo.,False,Object,,,,,note on context,,,Anmerkung zum Kontext,,note sur le contexte,,nota sul contesto,,
177,http://vocab.performing-arts.ch/eonsw,http://vocab.performing-arts.ch/eo,False,Object,,,,,note on stage work,,,Anmerkung zum Bühnenwerk,,note sur le travail scénique,,nota sulla messa in scena,,
178,http://vocab.performing-arts.ch/eonms,http://vocab.performing-arts.ch/eo,False,Object,,,,,note on music,,,Anmerkung zur Musik,,note sur la musique,,nota sulla musica,,
179,http://vocab.performing-arts.ch/cn,,True,Object,rico:RecordRecourse,rico:hasContentOfType,,,content type,,,,,,,,,
180,http://vocab.performing-arts.ch/cn,http://vocab.performing-arts.ch/cn,False,Object,,,,,,,,,,,,,,
181,http://vocab.performing-arts.ch/df,,True,Object,rico:Record; rico:RecordPart,rico:hasDocumentaryFormType,,,documentary form,,,Formen der Dokumentation,,forme documentaire,,forma documentaria,,
182,http://vocab.performing-arts.ch/dflvv,http://vocab.performing-arts.ch/df,False,Object,,,aat:300026031,,document genre,,,Dokumentgattungen,,genre de document,,tipo di documento,,
183,http://vocab.performing-arts.ch/dftxd,http://vocab.performing-arts.ch/dflvv,False,Object,,,aat:300263751,,text document,,,Textdokument,,document textuel,,documento testuale,,
184,http://vocab.performing-arts.ch/dfhdo,http://vocab.performing-arts.ch/dflvv,False,Object,,,aat:300417623,,dance notation,,,Notation,,notation,,notazione della danza,,
185,http://vocab.performing-arts.ch/dfmyd,http://vocab.performing-arts.ch/dflvv,False,Object,,,aat:300028037,,personal paper,,,persönliche Dokumente,,document personnel,,documento personale,,
186,http://vocab.performing-arts.ch/dfwox,http://vocab.performing-arts.ch/dflvv,False,Object,,,aat:300026877,,correspondence,,,Korrespondenz,,correspondance,,corrispondenza,,
187,http://vocab.performing-arts.ch/dfzpy,http://vocab.performing-arts.ch/dflvv,False,Object,,,aat:300027200,,note,,,Notiz,,note,,annotazione,,
188,http://vocab.performing-arts.ch/dfyfs,http://vocab.performing-arts.ch/dflvv,False,Object,,,aat:300027112,,diary,,,Tagebuch,,agenda,,diario,,
189,http://vocab.performing-arts.ch/dfowt,http://vocab.performing-arts.ch/dflvv,False,Object,,,aat:300027568,,invoice,,,Rechnung,,facture,,fattura,,
190,http://vocab.performing-arts.ch/dfbok,http://vocab.performing-arts.ch/dflvv,False,Object,,,,,book,,,Buch,,livre,,libro,,
191,http://vocab.performing-arts.ch/dfjnl,http://vocab.performing-arts.ch/dflvv,False,Object,,,aat:300215390,,journal,newspaper,,Zeitschrift,Zeitung,journal,,giornale,rivista,
192,http://vocab.performing-arts.ch/dffop,http://vocab.performing-arts.ch/dflvv,False,Object,,,aat:300026867,,clipping,,,Zeitungsartikel,,article de presse,,articolo di giornale,,
193,http://vocab.performing-arts.ch/dfblx,http://vocab.performing-arts.ch/dflvv,False,Object,,,aat:300249572,,promotional material,,,Promotionsmaterial,,matériel promotionnel,,materiale promozionale,,
194,http://vocab.performing-arts.ch/dfqot,http://vocab.performing-arts.ch/df,False,Object,,,aat:300027221,,poster,,,Plakat,,affiche,,manifesto,poster; locandina,
195,http://vocab.performing-arts.ch/dfzcy,http://vocab.performing-arts.ch/dfqot,False,Object,,,,,institutional poster,,,Hausplakat,,affiche institutionnelle,,poster istituzionale,,
196,http://vocab.performing-arts.ch/dfjoa,http://vocab.performing-arts.ch/dfqot,False,Object,,,,,production poster,,,Stückplakat,,affiche de la production,,poster di produzione,,
197,http://vocab.performing-arts.ch/dffvd,http://vocab.performing-arts.ch/dfqot,False,Object,,,,,schedule poster,,,Spielplanplakat,,affiche du calendrier,,cartellone,,
198,http://vocab.performing-arts.ch/dfszq,http://vocab.performing-arts.ch/dfqot,False,Object,,,,,program poster,,,Programmplakat,,affiche du programme,,poster del programma,,
199,http://vocab.performing-arts.ch/dfemz,http://vocab.performing-arts.ch/dfqot,False,Object,,,,,season poster,,,Saisonplakat,,affiche de la saison,,poster stagionale,,
200,http://vocab.performing-arts.ch/dfnrv,http://vocab.performing-arts.ch/dfqot,False,Object,,,,,event poster,lecture poster,,Veranstaltungsplakat,Vortragsplakat,affiche de manifestation,,poster dell’evento,,
201,http://vocab.performing-arts.ch/dftws,http://vocab.performing-arts.ch/dfqot,False,Object,,,,,festival poster,,,Festivalplakat,,affiche de festival,,Poster del festival,,
202,http://vocab.performing-arts.ch/dfcbi,http://vocab.performing-arts.ch/dfqot,False,Object,,,,,circus poster,,,Zirkusplakat,,affiche de cirque,,Poster del circo,,
203,http://vocab.performing-arts.ch/dfmzh,http://vocab.performing-arts.ch/dfqot,False,Object,,,,,film poster,,,Filmplakat,,affiche de film,,Poster del film,,
204,http://vocab.performing-arts.ch/dffci,http://vocab.performing-arts.ch/dfqot,False,Object,,,,,course poster,,,Kursplakat,,affiche de cours,,Poster del corso,,
205,http://vocab.performing-arts.ch/dfeov,http://vocab.performing-arts.ch/dfqot,False,Object,,,,,art poster,,,Kunstplakat,,affiche d’art,,Poster artistico,,
206,http://vocab.performing-arts.ch/dfhmi,http://vocab.performing-arts.ch/dfqot,False,Object,,,,,concert poster,,,Konzertplakat,,affiche de concert,,Poster del concerto,,
207,http://vocab.performing-arts.ch/dfhwk,http://vocab.performing-arts.ch/dfqot,False,Object,,,,,exhibition poster,,,Ausstellungsplakat,,affiche d’exposition,,Poster della mostra,,
208,http://vocab.performing-arts.ch/dfdui,http://vocab.performing-arts.ch/df,False,Object,,,aat:300046300,,photograph,,,Fotografie,,photographie,,fotografia,,
209,http://vocab.performing-arts.ch/dfrsp,http://vocab.performing-arts.ch/dfdui,False,Object,,,aat:300127173,,negative,,,Negativ (Foto-Negativ),,négatif,,negativo,,
210,http://vocab.performing-arts.ch/dfqrl,http://vocab.performing-arts.ch/dfdui,False,Object,,,aat:300138191,,positive,,,Positiv (Foto-Positiv),,positif,,positivo,,
211,http://vocab.performing-arts.ch/dfdia,http://vocab.performing-arts.ch/dfdui,False,Object,,,aat:300128371,,slide,,,Dia,,diapositive,,diapositiva,,
212,http://vocab.performing-arts.ch/dfctp,http://vocab.performing-arts.ch/dfqrl,False,Object,,,aat:300127183,,contact sheet,,,Kontaktabzug,,planche-contact,,stampa a contatto,,
213,http://vocab.performing-arts.ch/dfeip,http://vocab.performing-arts.ch/df,False,Object,,,,,design,,,Entwurf,,Projet,,progetto,bozza; schizzo,
214,http://vocab.performing-arts.ch/dfrsu,http://vocab.performing-arts.ch/dfeip,False,Object,,,aat:300054190,,stage set design,scenography,,Bühnenbildentwurf,,projet de décor,,scenografia (bozza),,
215,http://vocab.performing-arts.ch/dfecs,http://vocab.performing-arts.ch/dfeip,False,Object,,,aat:300163423,,costume design,,,Kostümentwurf,,projet de costume,,costumi (bozze),,
216,http://vocab.performing-arts.ch/dfrwd,http://vocab.performing-arts.ch/df,False,Object,,,aat:300185711,,object,,,Objekt,,objet,,oggetto,,
217,http://vocab.performing-arts.ch/dftng,http://vocab.performing-arts.ch/dfrwd,False,Object,,,,,costume,,,Kostüm,,costume,,costume,,
218,http://vocab.performing-arts.ch/dfvjf,http://vocab.performing-arts.ch/dfrwd,False,Object,,,aat:300251645,,stage accessorie,,,Requisit,,accessoire de scène,,accessorio di scena,,
219,http://vocab.performing-arts.ch/dfuuh,http://vocab.performing-arts.ch/dfrwd,False,Object,,,,,stage model,,,Bühnenbildmodell,,maquette,maquette construite de scène,modello di scenografia,,
220,http://vocab.performing-arts.ch/dfsze,http://vocab.performing-arts.ch/dfrwd,False,Object,,,,,personal object,,,persönlicher Gegenstand,,objet personnel,,oggetto personale,,
221,http://vocab.performing-arts.ch/dfaur,http://vocab.performing-arts.ch/df,False,Object,,,,,audio recording,,,Audioaufnahme,,enregistrement audio,,registrazione audio,,
222,http://vocab.performing-arts.ch/dfwrq,http://vocab.performing-arts.ch/df,False,Object,,,,,film or video recording,,,Film- oder Videoaufzeichnung,,enregistrement film ou vidéo,,registrazione cinematografica o video,,
223,http://vocab.performing-arts.ch/dftvr,http://vocab.performing-arts.ch/dfwrq,False,Object,,,,,tv recording,,,Fernsehaufzeichnung,,enregistrement télévisuel,,registrazione televisiva,,
224,http://vocab.performing-arts.ch/dfpmd,http://vocab.performing-arts.ch/dfwrq,False,Object,,,,,purchase medium,,,purchase medium,,purchase medium,,purchase medium,,
225,http://vocab.performing-arts.ch/dfdzo,http://vocab.performing-arts.ch/df,False,Object,,,aat:300015617,,sketch,,,Skizze,,esquisse,,schizzo,bozzetto,
226,http://vocab.performing-arts.ch/dfjdc,http://vocab.performing-arts.ch/df,False,Object,,,aat:300033973,,drawing,,,Zeichnung,,dessin,,disegno,,
227,http://vocab.performing-arts.ch/dfkoy,http://vocab.performing-arts.ch/df,False,Object,,,aat:300033618,,painting,,,Gemälde,,peinture,,pittura,,
228,http://vocab.performing-arts.ch/dfpwk,http://vocab.performing-arts.ch/dfkoy,False,Object,,,aat:300181918,,acrylic painting,,,Acrylgemälde,,peinture acrylique,,pittura acrilica,,
229,http://vocab.performing-arts.ch/dfgei,http://vocab.performing-arts.ch/dfkoy,False,Object,,,aat:300033799,,oil painting,,,Ölgemälde,,peinture à l’huile,,pittura a olio,,
230,http://vocab.performing-arts.ch/dfoff,http://vocab.performing-arts.ch/dfkoy,False,Object,,,aat:300078925,,watercolor,,,Aquarell,,aquarelle,,acquarello,,
231,http://vocab.performing-arts.ch/dfdvh,http://vocab.performing-arts.ch/df,False,Object,,,,,miscellaneous,,,Diverses,,diverses,,varie,,
232,http://vocab.performing-arts.ch/dfnsx,http://vocab.performing-arts.ch/dfrsp,False,Object,,,,,negative 6/6,,,negative 6/6,,négatif 6/6,,negative 6/6,,
233,http://vocab.performing-arts.ch/dfnvt,http://vocab.performing-arts.ch/dfrsp,False,Object,,,,,negative 24/36,,,negative 24/36,,négatif 24/36,,negative 24/36,,
234,http://vocab.performing-arts.ch/dfngl,http://vocab.performing-arts.ch/dfrsp,False,Object,,,,,glass negative,,,glass negative,,négatif sur verre,,glass negative,,
235,http://vocab.performing-arts.ch/dfprt,http://vocab.performing-arts.ch/dfdui,False,Object,,,,,photographic print,,,Fotoabzug,,tirage photo,,stampa fotografica,,
236,http://vocab.performing-arts.ch/rt,,True,Object,rico:Instantiation,rico:hasRepresentationType,,,representation type,,,,,,,,,
237,http://vocab.performing-arts.ch/rttx,http://vocab.performing-arts.ch/rt,False,Object,,,,,textual,,,textlich,,textuel,,,,
238,http://vocab.performing-arts.ch/rtvs,http://vocab.performing-arts.ch/rt,False,Object,,,,,visual,,,visuell,,visuel,,,,
239,http://vocab.performing-arts.ch/rtac,http://vocab.performing-arts.ch/rt,False,Object,,,,,acoustic,,,akustisch,,sonore,,,,
240,http://vocab.performing-arts.ch/rtsp,http://vocab.performing-arts.ch/rt,False,Object,,,,,spatial,,,räumlich,,spatial,,,,
241,http://vocab.performing-arts.ch/rtmi,http://vocab.performing-arts.ch/rt,False,Object,,,,,moving image,,,,,image en mouvement,,,,
242,http://vocab.performing-arts.ch/vd,,True,Object,rico:Instantiation,,,,video damage,,,Video-Schaden,,Dommages vidéo,,danni video,,
243,http://vocab.performing-arts.ch/vddrp,http://vocab.performing-arts.ch/vd,False,Object,,,,,dropouts,,,Dropouts,,drop out,,drop out,,
244,http://vocab.performing-arts.ch/vddrt,http://vocab.performing-arts.ch/vd,False,Object,,,,,dirt,,,Schmutz,,saleté,,sporcizia,,
245,http://vocab.performing-arts.ch/vdhst,http://vocab.performing-arts.ch/vd,False,Object,,,,,horizontal stripes,,,horiz. Störstreifen,,bandes d’interférence horizontales,,linee orizzontali,,
246,http://vocab.performing-arts.ch/vdtrt,http://vocab.performing-arts.ch/vd,False,Object,,,,,torn tape,,,zerrissenes Band,,déchirure de la bande,,nastro strappato,,
247,http://vocab.performing-arts.ch/vdtpc,http://vocab.performing-arts.ch/vd,False,Object,,,,,crumpled tape,,,Bandknitter,,plis sur la bande,,nastro danneggiato,,
248,http://vocab.performing-arts.ch/vdpcn,http://vocab.performing-arts.ch/vd,False,Object,,,,,picture noise,,,Bildrauschen,,bruit de l‘image,,rumore d'immagine,,
249,http://vocab.performing-arts.ch/vdbad,http://vocab.performing-arts.ch/vd,False,Object,,,,,block artifacts (digital),,,Blockartefakte (digital),,macroblocking artefact (digital),,problema di compressione (digitale),,
250,http://vocab.performing-arts.ch/vdcld,http://vocab.performing-arts.ch/vd,False,Object,,,,,color disturbances,,,Farbstörungen,,perturbations de la couleur,,perturbazione del colore,,
251,http://vocab.performing-arts.ch/vdsnd,http://vocab.performing-arts.ch/vd,False,Object,,,,,sound disturbances,,,Tonsstörungen,,perturbations du son,,perturbazione del suono,,
252,http://vocab.performing-arts.ch/vdpcj,http://vocab.performing-arts.ch/vd,False,Object,,,,,picture jumping,,,Bildstandschwankungen,,picture jumping,,immagine intermittente,,
253,http://vocab.performing-arts.ch/vditw,http://vocab.performing-arts.ch/vd,False,Object,,,,,tape pack,irregular tape pack,,Unregelmässiger Bandwickel,,rembobinage irrégulier,,avvolgimento irregolare,,
254,http://vocab.performing-arts.ch/vdsts,http://vocab.performing-arts.ch/vd,False,Object,,,,,sticky tape syndrome,,,Bandkleben und -quietschen,,sticky tape syndrome (dégradation du liant),,sindrome dell'incollamento,,
255,http://vocab.performing-arts.ch/vdtpd,http://vocab.performing-arts.ch/vd,False,Object,,,,,tape deformation,,,Deformation des Bandes,,déformation de la bande,,deformazione del nastro,,
256,http://vocab.performing-arts.ch/st,,True,Object,rico:Record,rico:hasRecordState,,,record resource state,,,,,,,,,
257,http://vocab.performing-arts.ch/stpps,http://vocab.performing-arts.ch/st,False,Object,,,,,photographic print state,,,,,,,,,
258,http://vocab.performing-arts.ch/stvtp,http://vocab.performing-arts.ch/stpps,False,Object,,,aat:300136578,"""Photographic prints made by the original photographer or soon after the picture was taken, that is, of the same historical vintage as the original."" (AAT)",vintage print,,,Original,,original,,originale,,
259,http://vocab.performing-arts.ch/stvps,http://vocab.performing-arts.ch/stvtp,False,Object,,,,,"vintage print, signed",,,"Original, signiert",,"original, signé",,"originale, firmato",,
260,http://vocab.performing-arts.ch/stvpd,http://vocab.performing-arts.ch/stvps,False,Object,,,,,"vintage print, signed, dated",,,"Original, signiert, datiert",,"original, signé, daté",,"originale, firmato, datato",,
261,http://vocab.performing-arts.ch/stwkp,http://vocab.performing-arts.ch/stpps,False,Object,,,aat:300189331,"""Photographic prints made for examination and reference, such as those done before an edition is produced."" (AAT)",work print,,,Arbeitskopie,,tirage de travail,,copia di lavoro,,
262,http://vocab.performing-arts.ch/stltp,http://vocab.performing-arts.ch/stpps,False,Object,,,aat:300189480,"""Photographic prints made much later than the negative and usually not by the original photographer."" (AAT)",later print,,,moderner Abzug,,tirage moderne,,copia moderna,,
263,http://vocab.performing-arts.ch/as,,True,Object,rico:Instantiation; premis:Representation,,,,preservation state,,,,,Statut de l’archive,,,,
264,http://vocab.performing-arts.ch/asarm,http://vocab.performing-arts.ch/as,False,Object,,,,,archival master,,,Archivmaster,,master archive,,master archivio,,
265,http://vocab.performing-arts.ch/asprc,http://vocab.performing-arts.ch/as,False,Object,,,,,preservation copy,,,Sicherungskopie,,copie de conservation,,copia di conservazione,,
266,http://vocab.performing-arts.ch/aspcp,http://vocab.performing-arts.ch/asprc,False,Object,,,,,preservation copy physical,,,Sicherungskopie physisch,,copie de conservation physique,,copia di conservazione fisica,,
267,http://vocab.performing-arts.ch/aspcd,http://vocab.performing-arts.ch/asprc,False,Object,,,,,preservation copy digital,,,Sicherungskopie digital,,copie de conservation numérique,,copia di conservazione digitale,,
268,http://vocab.performing-arts.ch/asdsp,http://vocab.performing-arts.ch/as,False,Object,,,,,dissemination copy,,,Sichtungskopie,,copie de diffusion,,copia di diffusione,,
269,http://vocab.performing-arts.ch/asdcp,http://vocab.performing-arts.ch/asdsp,False,Object,,,,,dissemination copy physical,,,Sichtungskopie physisch,,copie de diffusion physique,,copia fisica di diffusione,,
270,http://vocab.performing-arts.ch/asdcd,http://vocab.performing-arts.ch/asdsp,False,Object,,,,,dissemination copy digital,,,Sichtungskopie digital,,copie de diffusion numérique,,copia digitale di diffusione,,
271,http://vocab.performing-arts.ch/pk,,True,Object,rico:Instantiation; premis:Representation,spao:hasPacking,,,packing,,,,,conditionnement,,,,
272,http://vocab.performing-arts.ch/pkba4,http://vocab.performing-arts.ch/pk,False,Object,,,,,box A4,,,Karton A4,,carton A4,,scatola A4,,
273,http://vocab.performing-arts.ch/pkba5,http://vocab.performing-arts.ch/pk,False,Object,,,,,box A5,,,Karton A5,,carton A5,,scatola A5,,
274,http://vocab.performing-arts.ch/pkbag,http://vocab.performing-arts.ch/pk,False,Object,,,,,box GF,,,Karton GF,,carton GF,,scatola GF,,
275,http://vocab.performing-arts.ch/pkbco,http://vocab.performing-arts.ch/pk,False,Object,,,,,box costume and object,,,Karton Kostüm und Objekt,,Carton costume et objet,,scatola per costumi e oggetti,,
276,http://vocab.performing-arts.ch/pkpnt,http://vocab.performing-arts.ch/pk,False,Object,,,,,painting,,,Gemälde,,tableau,,dipinto,,
277,http://vocab.performing-arts.ch/pkpst,http://vocab.performing-arts.ch/pk,False,Object,,,,,poster,,,Plakat,,affiche,,poster,,
278,http://vocab.performing-arts.ch/pkdgf,http://vocab.performing-arts.ch/pk,False,Object,,,,,digital file,,,Digital Datei,,fichier,,file digitale,,
279,http://vocab.performing-arts.ch/cd,,True,Object,rico:Instantiation; premis:Representation,,,,condition,,,Zustand,,état,,,,
280,http://vocab.performing-arts.ch/cdict,http://vocab.performing-arts.ch/cd,False,Object,,,,,intact,,,intakt,,intact,,intatto,,
281,http://vocab.performing-arts.ch/cdldg,http://vocab.performing-arts.ch/cd,False,Object,,,,,lightly damaged,,,leicht beschädigt,,légèrement endommagé,,leggermente danneggiato,,
282,http://vocab.performing-arts.ch/cdsdg,http://vocab.performing-arts.ch/cd,False,Object,,,,,strongly damaged,,,stark beschädigt,,très dégradé,,molto danneggiato,,
283,http://vocab.performing-arts.ch/cdunk,http://vocab.performing-arts.ch/cd,False,Object,,,,,unknown,,,unbekannt,,inconnu,,sconosciuto,,
284,http://vocab.performing-arts.ch/fr,,True,Object,rico:Instantation,rico:hasProductionTechniqueType,,,production technique,,,Produktionstechnik,,technique de production,,produzione tecnica,,
285,http://vocab.performing-arts.ch/frgzf,http://vocab.performing-arts.ch/fr,False,Object,,,aat:300041273; rdapm:1010,,print,,,Druck,,gravure,estampe,stampa,impressione,
286,http://vocab.performing-arts.ch/frabo,http://vocab.performing-arts.ch/frgzf,False,Object,,,aat:300041567,,original print,,,Original,,original,,originale,,
287,http://vocab.performing-arts.ch/friyp,http://vocab.performing-arts.ch/frgzf,False,Object,,,aat:300178926,,letterpress,,,Buchdruck,,impression en relief typographique,,stampa tipografica,,
288,http://vocab.performing-arts.ch/fracn,http://vocab.performing-arts.ch/frgzf,False,Object,,,aat:300041338,,intaglio print,,,Tiefdruck,,gravure en creux,,incisione,,
289,http://vocab.performing-arts.ch/fragx,http://vocab.performing-arts.ch/frgzf,False,Object,,,aat:300041393,,linocut,,,Linolschnitt,,linogravure,,linoleografia,,
290,http://vocab.performing-arts.ch/frbbo,http://vocab.performing-arts.ch/frgzf,False,Object,,,aat:300041379; rdapm:1007,,lithography,,,Lithografie,Steindruck,lithographie,,litografia,,
291,http://vocab.performing-arts.ch/frhoj,http://vocab.performing-arts.ch/frgzf,False,Object,,,aat:300053279,,offset-printed,,,Offsetdruck,,impression offset,,stampa offset,,
292,http://vocab.performing-arts.ch/frcbt,http://vocab.performing-arts.ch/frgzf,False,Object,,,aat:300178688,,screen print,serigraph,,Siebdruck,,sérigraphie,,serigrafia,,
293,http://vocab.performing-arts.ch/frhui,http://vocab.performing-arts.ch/frgzf,False,Object,,,aat:300312222,,digital print,laser printing?,,Digitaldruck,,impression numérique,,stampa digitale,,
294,http://vocab.performing-arts.ch/frkub,http://vocab.performing-arts.ch/frhui,False,Object,,,aat:300265621,,inkjet print,,,Tintenstrahldruck,,impression jet d’encre,,stampa a inchiostro,,
295,http://vocab.performing-arts.ch/frbyr,http://vocab.performing-arts.ch/fr,False,Object,,,,,photography,,,Fotografie,,photographie,,fotografia,,
296,http://vocab.performing-arts.ch/frvrj,http://vocab.performing-arts.ch/frbyr,False,Object,,,aat:300133322,,heliography,Niépceotype; bitumen process,,Heliografie,,héliographie,,eliografia,,
297,http://vocab.performing-arts.ch/frbvo,http://vocab.performing-arts.ch/fr,False,Object,,,aat:300154355; rdapm:1003,,collotype,,,Lichtdruck,Kollotypie,collotypie,phototypie,collotipia,,
298,http://vocab.performing-arts.ch/froqj,http://vocab.performing-arts.ch/fr,False,Object,,,aat:300136847; rdapm:1008,,photocopy,,,Fotokopie,,photocopie,,fotocopia,,
299,http://vocab.performing-arts.ch/zj,,True,Object,crm:E22_Man-Made_Object,crm:P45_consists_of,,,material,,,,,matériaux,,,,
300,http://vocab.performing-arts.ch/zjkjx,http://vocab.performing-arts.ch/zj,False,Object,,,aat:300011914; rdamat:1045,,wood,,,Holz,,bois,,legno,,
301,http://vocab.performing-arts.ch/zjajf,http://vocab.performing-arts.ch/zj,False,Object,,,aat:300014109; rdamat:1025,,paper,,,Papier,,papier,,carta,,
302,http://vocab.performing-arts.ch/zjagy,http://vocab.performing-arts.ch/zjajf,False,Object,,,aat:300014224; rdamat:1006,,cardboard,,,Karton,,carton,,cartone,,
303,http://vocab.performing-arts.ch/zjyky,http://vocab.performing-arts.ch/zj,False,Object,,,aat:300231565; rdamat:1039,,textile,,,Faserstoff,Textil; Gewebe,textile,,tessuto,,
304,http://vocab.performing-arts.ch/zjjpx,http://vocab.performing-arts.ch/zjyky,False,Object,,,aat:300014067,,cotton,,,Baumwolle,,coton,,cotone,,
305,http://vocab.performing-arts.ch/zjsuw,http://vocab.performing-arts.ch/zjyky,False,Object,,,aat:300243428,,silk,,,Seide,,soie,,seta,,
306,http://vocab.performing-arts.ch/zjdyt,http://vocab.performing-arts.ch/zjyky,False,Object,,,aat:300133711,,velvet,,,Samt,,velours,,velluto,,
307,http://vocab.performing-arts.ch/zjvpd,http://vocab.performing-arts.ch/zj,False,Object,,,aat:300011845; rdamat:1020,,leather,,,Leder,,cuir,,cuoio,pelle,
308,http://vocab.performing-arts.ch/zjwcj,http://vocab.performing-arts.ch/zj,False,Object,,,aat:300010900; rdamat:1022,,metal,,,Metall,,métal,,metallo,,
309,http://vocab.performing-arts.ch/zjujz,http://vocab.performing-arts.ch/zj,False,Object,,,aat:300010797; rdamat:1012,,glass,,,Glas,,verre,,vetro,,
310,http://vocab.performing-arts.ch/zjjoe,http://vocab.performing-arts.ch/zj,False,Object,,,aat:300014570; rdamat:1029,"""A general term for any of a large and varied class of natural or synthetic organic materials that can be molded, extruded, or cast when soft or liquid, and then set into a rigid or slightly elastic form. Natural plastics include tree resins, beeswax, gutta-percha, horn, and clay. Synthetic plastics were first made in the 19th century. Plastics are used widely in manufacturing."" (AAT)",plastic,,,Plastik,,plastique,,plastica,,
311,http://vocab.performing-arts.ch/zjsyn,http://vocab.performing-arts.ch/zj,False,Object,,,aat:300218678; rdamat:1037,"""""A material that is created by processing man-made materials, usually as a substitute for a natural material."" (RDA Material)",synthetic,,,Kunststoff,,matière synthétique,,sintetico,,
312,http://vocab.performing-arts.ch/zjtdg,http://vocab.performing-arts.ch/zj,False,Object,,,aat:300011827,,pearls,,,Perlen,,perles,,perle,,
313,http://vocab.performing-arts.ch/fv,,True,Object,rico:Instantation,rico:hasCarrierType,,,carrier type,storage medium,,,,,,,,
314,http://vocab.performing-arts.ch/fvajf,http://vocab.performing-arts.ch/fv,False,Object,,,aat:300014109,,paper,,,Papier,,papier,,carta,,
315,http://vocab.performing-arts.ch/fvukd,http://vocab.performing-arts.ch/fvajf,False,Object,,,aat:300026816,,postcard,,,Postkarte,,carte postale,,cartolina,,
316,http://vocab.performing-arts.ch/fvese,http://vocab.performing-arts.ch/fv,False,Object,,,aat:300046300,,photographic image,,,Fotografie,,photographie,,fotografia,,
317,http://vocab.performing-arts.ch/fvbrm,http://vocab.performing-arts.ch/fvese,False,Object,,,aat:300127173,,photo negative,,,Fotonegative,,négatif,,negativo (foto),,
318,http://vocab.performing-arts.ch/fvuut,http://vocab.performing-arts.ch/fvese,False,Object,,,aat:300138191,,photo positive,,,Fotopositiv,,positif,,positivo (foto),,
319,http://vocab.performing-arts.ch/fvdex,http://vocab.performing-arts.ch/fvuut,False,Object,,,aat:300127104,,photographic print,,,Abzug (Fotografie),,tirage,,stampa fotografica,,
320,http://vocab.performing-arts.ch/fvlfo,http://vocab.performing-arts.ch/fvdex,False,Object,,,,,proof glued on cardboard,,,Proof auf Karton geklebt,,epreuve collée sur carton,,bozza incollata su cartone,,
321,http://vocab.performing-arts.ch/fvekd,http://vocab.performing-arts.ch/fvdex,False,Object,,,,,photographic print on paper,,,Papierabzug,,epreuve sur papier,,stampa su carta,,
322,http://vocab.performing-arts.ch/fvmoi,http://vocab.performing-arts.ch/fvuut,False,Object,,,aat:300128371,,slide,,,Diapositiv,Dia,diapositive,,diapositiva,,
323,http://vocab.performing-arts.ch/fvwry,http://vocab.performing-arts.ch/fvuut,False,Object,,,aat:300127169,,contact print,,,Kontaktabzug,,planche-contact,,stampa a contatto,,
324,http://vocab.performing-arts.ch/fvzfk,http://vocab.performing-arts.ch/fv,False,Object,,,aat:300014637,,film,,,Film,,film,,pellicola,,
325,http://vocab.performing-arts.ch/fvpso,http://vocab.performing-arts.ch/fvzfk,False,Object,,,,,8mm format,,,8mm Format,,format 8mm,,formato 8mm,,
326,http://vocab.performing-arts.ch/fvqow,http://vocab.performing-arts.ch/fvpso,False,Object,,,aat:300263859,,8mm,,,8mm,Normal-8,8mm,,8mm,8 millimetri,
327,http://vocab.performing-arts.ch/fvmrk,http://vocab.performing-arts.ch/fvpso,False,Object,,,aat:300263860,,Super 8,,,Super 8,,Super 8,,Super 8,,
328,http://vocab.performing-arts.ch/fvhcu,http://vocab.performing-arts.ch/fvzfk,False,Object,,,,,16mm format,,,16mm Format,,format 16mm,,formato 16mm,,
329,http://vocab.performing-arts.ch/fvvyd,http://vocab.performing-arts.ch/fvhcu,False,Object,,,aat:300263815,,16mm,,,16mm,,16mm,,16mm,16 millimetri,
330,http://vocab.performing-arts.ch/fvhhx,http://vocab.performing-arts.ch/fvhcu,False,Object,,,aat:300264669,,Super 16mm,,,Super 16mm,,Super 16mm,,Super16mm,,
331,http://vocab.performing-arts.ch/fvmdu,http://vocab.performing-arts.ch/fvzfk,False,Object,,,aat:300263816,,35mm,,,35mm,,35mm,,35mm,35 millimetri,
332,http://vocab.performing-arts.ch/fvgye,http://vocab.performing-arts.ch/fv,False,Object,,,aat:300028643,,phonograph record,,,Schallplatte,,disque (phonographique),,disco ,vinile,
333,http://vocab.performing-arts.ch/fvmql,http://vocab.performing-arts.ch/fvgye,False,Object,,,aat:300265800,,45 rpm record,,,,,disque 45 tours,,45 giri,,
334,http://vocab.performing-arts.ch/fvrpy,http://vocab.performing-arts.ch/fvgye,False,Object,,,aat:300265790,,78 rpm record,,,,,disque 78 tours,,78 giri,,
335,http://vocab.performing-arts.ch/fvyxa,http://vocab.performing-arts.ch/fvgye,False,Object,,,aat:300265802,,long-playing record,,,,,disque 33 tours,,33 giri,LP,
336,http://vocab.performing-arts.ch/fvdie,http://vocab.performing-arts.ch/fv,False,Object,,,,,magnetic disc,,,,,disque magnétique,,disco magnetico,,
337,http://vocab.performing-arts.ch/fvkmy,http://vocab.performing-arts.ch/fvdie,False,Object,,,aat:300028553,,floppy disk,,,,,disquette,,floppy disk,,
338,http://vocab.performing-arts.ch/fvhcz,http://vocab.performing-arts.ch/fvkmy,False,Object,,,,,"8"" floppy",,,,,disquette 8 pouces,,floppy disk 8 pollici,,
339,http://vocab.performing-arts.ch/fvulp,http://vocab.performing-arts.ch/fvkmy,False,Object,,,,,"5""1/4 floppy",,,,,mini-disquette de 5 pouces un quart,,floppy disk 5 1/4 pollici,,
340,http://vocab.performing-arts.ch/fvlyj,http://vocab.performing-arts.ch/fvkmy,False,Object,,,,,"3""1/2 floppy",,,,,disquette 3 pouces et demi,,floppy disk 3 1/2 pollici,,
341,http://vocab.performing-arts.ch/fvhuq,http://vocab.performing-arts.ch/fvdie,False,Object,,,,,MiniDisc,,,,,MiniDisc,,MiniDisc,MD,
342,http://vocab.performing-arts.ch/fvodj,http://vocab.performing-arts.ch/fv,False,Object,,,,,magnetic tape,,,Magnetband,,bande magnétique,,banda magnetica,,
343,http://vocab.performing-arts.ch/fvtfa,http://vocab.performing-arts.ch/fvodj,False,Object,,,aat:300417312,,open reel audiotape,,,Open Reel Audio Tape,,bande audio sur bobine,,registrazione a bobina aperta,,
344,http://vocab.performing-arts.ch/fvzxp,http://vocab.performing-arts.ch/fvodj,False,Object,,,aat:300028661,,audio cassette,,,Audiokassette,,cassette audio,,musicassetta,audiocassetta,
345,http://vocab.performing-arts.ch/fvpln,http://vocab.performing-arts.ch/fvzxp,False,Object,,,,,Compact Cassette,Compact Audio Cassette; CAC,,Kompaktkassette,,cassette compacte,,musicassetta,,
346,http://vocab.performing-arts.ch/fvicw,http://vocab.performing-arts.ch/fvzxp,False,Object,,,,,DCC,Digital Compact Cassette,,DCC,,DCC,,DCC,,
347,http://vocab.performing-arts.ch/fvlyk,http://vocab.performing-arts.ch/fvzxp,False,Object,,,,,DAT,Digital Audio Tape,,DAT,,DAT,,DAT,,
348,http://vocab.performing-arts.ch/fvlvi,http://vocab.performing-arts.ch/fvodj,False,Object,,,,,open reel videotape,,,,,bande vidéo sur bobine,,video a bobina aperta,,
349,http://vocab.performing-arts.ch/fvrtb,http://vocab.performing-arts.ch/fvlvi,False,Object,,,wd:Q209020,,"1"" Type C",,,"1"" Type C",,"1"" Type C",,1 pollice standard C,,
350,http://vocab.performing-arts.ch/fvkyo,http://vocab.performing-arts.ch/fvlvi,False,Object,,,,,"1/2"" open reel",,,"1/2"" Open Reel",,"1/2"" Open Reel",,1/2 pollice bobina aperta,,
351,http://vocab.performing-arts.ch/fvevf,http://vocab.performing-arts.ch/fvlvi,False,Object,,,,,"2"" Quad",,,"2"" Quad",,"2"" Quad",,2 pollici Quad,,
352,http://vocab.performing-arts.ch/fverx,http://vocab.performing-arts.ch/fvodj,False,Object,,,aat:300028692,,video cassette,,,Videokassette,,cassette vidéo,,videocassetta,,
353,http://vocab.performing-arts.ch/fvzgv,http://vocab.performing-arts.ch/fverx,False,Object,,,wd:Q1928913,,VCR,Video Cassette Recording,,VCR,Video Cassette Recording,VCR,Video Cassette Recording,VCR,Video Cassette Recording,
354,http://vocab.performing-arts.ch/fvskn,http://vocab.performing-arts.ch/fverx,False,Object,,,rdavf:1014;wd:Q278080,,U-matic,,,U-matic,,U-matic,,U-matic,,
355,http://vocab.performing-arts.ch/fvfws,http://vocab.performing-arts.ch/fvskn,False,Object,,,,,U-matic LB,U-matic low-band,,U-matic LB,U-matic low-band,U-matic LB,U-matic low-band,U-matic LB,U-matic low-band,
356,http://vocab.performing-arts.ch/fveny,http://vocab.performing-arts.ch/fvskn,False,Object,,,,,U-matic HB,U-matic high-band,,U-matic HB,U-matic high-band,U-matic HB,U-matic high-band,U-matic HB,U-matic high-band,
357,http://vocab.performing-arts.ch/fvuhk,http://vocab.performing-arts.ch/fvskn,False,Object,,,,,U-matic SP,,,U-matic SP,,U-matic SP,,U-matic SP,,
358,http://vocab.performing-arts.ch/fvxpt,http://vocab.performing-arts.ch/fvskn,False,Object,,,,,U-matic S,,,U-matic S,,U-matic S,,U-matic S,,
359,http://vocab.performing-arts.ch/fvhiw,http://vocab.performing-arts.ch/fverx,False,Object,,,aat:300404417; rdavf:1001,,Betamax,,,Betamax,,Betamax,,Betamax,,
360,http://vocab.performing-arts.ch/fvgwb,http://vocab.performing-arts.ch/fverx,False,Object,,,,,Video 2000,,,Video 2000,,Video 2000,,Video 2000,,
361,http://vocab.performing-arts.ch/fvoda,http://vocab.performing-arts.ch/fverx,False,Object,,,,,VHS format,,,VHS Format,,format VHS,,formato VHS,,
362,http://vocab.performing-arts.ch/fvywh,http://vocab.performing-arts.ch/fvoda,False,Object,,,aat:300264683; rdavf:1015,,VHS,,,VHS,,VHS,,VHS,,
363,http://vocab.performing-arts.ch/fvlxb,http://vocab.performing-arts.ch/fvoda,False,Object,,,,,VHS-C,,,VHS-C,,VHS-C,,VHS-C,,
364,http://vocab.performing-arts.ch/fvviy,http://vocab.performing-arts.ch/fvoda,False,Object,,,aat:300264684; rdavf:1012,,S-VHS,Super VHS,,S-VHS,,S-VHS,,S-VHS,,
365,http://vocab.performing-arts.ch/fvjej,http://vocab.performing-arts.ch/fvoda,False,Object,,,,,S-VHS-C,Super VHS-C,,S-VHS-C,,S-VHS-C,,S-VHS-C,,
366,http://vocab.performing-arts.ch/fvpco,http://vocab.performing-arts.ch/fvoda,False,Object,,,,,D-VHS,Digital VHS,,D-VHS,,D-VHS,,D-VHS,,
367,http://vocab.performing-arts.ch/fvunk,http://vocab.performing-arts.ch/fverx,False,Object,,,rdavf:1007,,8mm format,,,8mm Format,,format 8mm,,formato 8mm,,
368,http://vocab.performing-arts.ch/fvxdz,http://vocab.performing-arts.ch/fvunk,False,Object,,,,,Video8,,,Video8,,Video8,,Video8,,
369,http://vocab.performing-arts.ch/fvjbs,http://vocab.performing-arts.ch/fvunk,False,Object,,,rdavf:1008,,Hi8,Hi-8-mm,,Hi8,,Hi8,,Hi8,,
370,http://vocab.performing-arts.ch/fvpro,http://vocab.performing-arts.ch/fvunk,False,Object,,,,,Digital 8,,,Digital 8,,Digital 8,,Digital 8,,
371,http://vocab.performing-arts.ch/fvpmq,http://vocab.performing-arts.ch/fverx,False,Object,,,,,DV,,,DV,,DV,,DV,,
372,http://vocab.performing-arts.ch/fvecx,http://vocab.performing-arts.ch/fvpmq,False,Object,,,aat:300264690,,MiniDV,Mini-DV,,MiniDV,,MiniDV,,MiniDV,,
373,http://vocab.performing-arts.ch/fvvax,http://vocab.performing-arts.ch/fvpmq,False,Object,,,,,DVCAM,,,DVCAM,,DVCAM,,DVCAM,,
374,http://vocab.performing-arts.ch/fvmoe,http://vocab.performing-arts.ch/fvpmq,False,Object,,,,,DVCPro,,,DVCPro,,DVCPro,,DVCPro,,
375,http://vocab.performing-arts.ch/fvidn,http://vocab.performing-arts.ch/fvpmq,False,Object,,,,,HDV,,,HDV,,HDV,,HDV,,
376,http://vocab.performing-arts.ch/fvjtf,http://vocab.performing-arts.ch/fverx,False,Object,,,aat:300264686; rdavf:1002,,Betacam,,,Betacam,,Betacam,,Betacam,,
377,http://vocab.performing-arts.ch/fvhxo,http://vocab.performing-arts.ch/fvjtf,False,Object,,,aat:300264687; rdavf:1016,,BetacamSP,Beta SP,,BetacamSP,,BetacamSP,,BetacamSP,,
378,http://vocab.performing-arts.ch/fvlfa,http://vocab.performing-arts.ch/fvhxo,False,Object,,,,,BetacamSP large,Beta SP large,,BetacamSP gross,,BetacamSP grande,,BetacamSP grande,,
379,http://vocab.performing-arts.ch/fvioo,http://vocab.performing-arts.ch/fvhxo,False,Object,,,,,BetacamSP small,Beta SP small,,BetacamSP klein,,BetacamSP petite,,BetacamSP piccola,,
380,http://vocab.performing-arts.ch/fvvnm,http://vocab.performing-arts.ch/fvjtf,False,Object,,,,,BetacamSX,,,BetacamSX,,BetacamSX,,BetacamSX,,
381,http://vocab.performing-arts.ch/fvfbg,http://vocab.performing-arts.ch/fvvnm,False,Object,,,,,BetacamSX large,,,BetacamSX gross,,BetacamSX grande,,BetacamSX grande,,
382,http://vocab.performing-arts.ch/fvmjw,http://vocab.performing-arts.ch/fvvnm,False,Object,,,,,BetacamSX small,,,BetacamSX klein,,BetacamSX petite,,BetacamSX piccola,,
383,http://vocab.performing-arts.ch/fvqle,http://vocab.performing-arts.ch/fvjtf,False,Object,,,aat:300264688,,Digital Betacam,Digi Beta,,Digital Betacam,,Betacam numérique,,Digital Betacam,,
384,http://vocab.performing-arts.ch/fvxzi,http://vocab.performing-arts.ch/fvqle,False,Object,,,,,Digital Betacam large,Digi Beta large,,Digital Betacam gross,,Betacam numérique grande,,Digital Betacam grande,,
385,http://vocab.performing-arts.ch/fvnvy,http://vocab.performing-arts.ch/fvqle,False,Object,,,,,Digital Betacam small,Digi Beta small,,Digital Betacam klein,,Betacam numérique grande petite,,Digital Betacam piccola,,
386,http://vocab.performing-arts.ch/fvzrb,http://vocab.performing-arts.ch/fverx,False,Object,,,rdavf:1005,,D2,,,D2,,D2,,D2,,
387,http://vocab.performing-arts.ch/fvuus,http://vocab.performing-arts.ch/fverx,False,Object,,,,,D3,,,D3,,D3,,D3,,
388,http://vocab.performing-arts.ch/fvruf,http://vocab.performing-arts.ch/fverx,False,Object,,,,,D9,Digital-S,,D9,Digital-S,D9,,D9,Digital-S,
389,http://vocab.performing-arts.ch/fvaha,http://vocab.performing-arts.ch/fv,False,Object,,,,,optical disc,,,Optische Disk,,disque optique,,disco ottico,,
390,http://vocab.performing-arts.ch/fvlkh,http://vocab.performing-arts.ch/fvaha,False,Object,,,,,CD,Compact Disc,,CD,,CD,,CD,,
391,http://vocab.performing-arts.ch/fvgbf,http://vocab.performing-arts.ch/fvlkh,False,Object,,,,,CD-R,,,CD-R,,CD-R,,CD-R,,
392,http://vocab.performing-arts.ch/fvsvv,http://vocab.performing-arts.ch/fvaha,False,Object,,,,,SACD,Super Audio CD,,SACD,,SACD,,SACD,,
393,http://vocab.performing-arts.ch/fvzuj,http://vocab.performing-arts.ch/fvaha,False,Object,,,aat:300264677,,DVD,DVD-Video; Digital Versatile Disc; Digital Video Disc,,DVD,,DVD,,DVD,,
394,http://vocab.performing-arts.ch/fvodg,http://vocab.performing-arts.ch/fvaha,False,Object,,,,,DVD-Audio,,,DVD-Audio,,DVD-Audio,,DVD-Audio,,
395,http://vocab.performing-arts.ch/fvefk,http://vocab.performing-arts.ch/fvzuj,False,Object,,,,,DVD-R,,,DVD-R,,DVD-R,,DVD-R,,
396,http://vocab.performing-arts.ch/fvxmd,http://vocab.performing-arts.ch/fvzuj,False,Object,,,,,DVD-RW,,,DVD-RW,,DVD-RW,,DVD-RW,,
397,http://vocab.performing-arts.ch/fvhaq,http://vocab.performing-arts.ch/fvaha,False,Object,,,,,LaserDisc,,,LaserDisc,,LaserDisc,,LaserDisc,,
398,http://vocab.performing-arts.ch/fvuum,http://vocab.performing-arts.ch/fvaha,False,Object,,,,,Blu-Ray,,,Blu-Ray,,Blu-Ray,,Blu-Ray,,
399,http://vocab.performing-arts.ch/fvfac,http://vocab.performing-arts.ch/fvaha,False,Object,,,,,HD-DVD,,,HD-DVD,,HD-DVD,,HD-DVD,,
400,http://vocab.performing-arts.ch/fvqpw,http://vocab.performing-arts.ch/fvaha,False,Object,,,,,VCD,Video CD,,VCD,,VCD,,VCD,,
401,http://vocab.performing-arts.ch/fvfce,http://vocab.performing-arts.ch/fvqpw,False,Object,,,,,SVCD,,,SVCD,,SVCD,,SVCD,,
402,http://vocab.performing-arts.ch/fvdgf,http://vocab.performing-arts.ch/fv,False,Object,,,,,digital file,,,digitale Datei,,fichier numérique,,file digitale,,
403,http://vocab.performing-arts.ch/fvonl,http://vocab.performing-arts.ch/fvdgf,False,Object,,,,,online,,,online,,online,,online,,
404,http://vocab.performing-arts.ch/fvtif,http://vocab.performing-arts.ch/fvonl,False,Object,,,,,IIIF,,,IIIF,,IIIF,,IIIF,,
405,http://vocab.performing-arts.ch/fvman,http://vocab.performing-arts.ch/fvonl,False,Object,,,,,IIIF/manifest,,,IIIF/manifest,,IIIF/manifest,,IIIF/manifest,,
406,http://vocab.performing-arts.ch/cl,,True,Object,,rdau:P60558,,,color content,colour content,,,,couleur,,,,
407,http://vocab.performing-arts.ch/clblw,http://vocab.performing-arts.ch/cl,False,Object,,,http://id.loc.gov/vocabulary/mcolor/blw,,black and white,,,s/w,,noir et blanc,,bianco e nero,b/n,
408,http://vocab.performing-arts.ch/clmul,http://vocab.performing-arts.ch/cl,False,Object,,,http://id.loc.gov/vocabulary/mcolor/mul,,color,,,Farbe,,couleur,,colore,,
409,http://vocab.performing-arts.ch/clgry,http://vocab.performing-arts.ch/cl,False,Object,,,http://id.loc.gov/vocabulary/mcolor/gry,,gray scale,,,Graustufen,,niveau de gris,,scala di grigi,,
410,http://vocab.performing-arts.ch/clhnd,http://vocab.performing-arts.ch/cl,False,Object,,,http://id.loc.gov/vocabulary/mcolor/hnd,,hand colored,,,handcoloriert,,colorisé à la main,,colorato a mano,,
411,http://vocab.performing-arts.ch/clmix,http://vocab.performing-arts.ch/cl,False,Object,,,http://id.loc.gov/vocabulary/mcolor/mix,,mixed color,,,Mischfarbe,,couleur mélangée,,colore composto,,
412,http://vocab.performing-arts.ch/clone,http://vocab.performing-arts.ch/cl,False,Object,,,http://id.loc.gov/vocabulary/mcolor/one,,one color,,,einfarbig,,monochrome,,colore unico,,
413,http://vocab.performing-arts.ch/bs,,True,Object,,rdau:P60349,,,broadcast standard,,,,,norme de diffusion,,,,
414,http://vocab.performing-arts.ch/bshdt,http://vocab.performing-arts.ch/bs,False,Object,,,rdabs:1001; http://id.loc.gov/vocabulary/mbroadstd/hdtv,,HDTV,,,HDTV,,TVHD,,HDTV,,
415,http://vocab.performing-arts.ch/bsnts,http://vocab.performing-arts.ch/bs,False,Object,,,rdabs:1002; http://id.loc.gov/vocabulary/mbroadstd/ntsc,,NTSC,,,NTSC,,NTSC,,NTSC,,
416,http://vocab.performing-arts.ch/bspal,http://vocab.performing-arts.ch/bs,False,Object,,,rdabs:1003; http://id.loc.gov/vocabulary/mbroadstd/pal,,PAL,,,PAL,,PAL,,PAL,,
417,http://vocab.performing-arts.ch/bsscm,http://vocab.performing-arts.ch/bs,False,Object,,,rdabs:1004; http://id.loc.gov/vocabulary/mbroadstd/secam,,SECAM,,,SECAM,,SECAM,,SECAM,,
418,http://vocab.performing-arts.ch/sf,,True,Object,,ebucore:scanningFormat,,,video scanning format,,,,,,,,,
419,http://vocab.performing-arts.ch/sfint,http://vocab.performing-arts.ch/sf,False,Object,,,,,interlaced,,,,,,,,,
420,http://vocab.performing-arts.ch/sfpro,http://vocab.performing-arts.ch/sf,False,Object,,,,,progressive,,,,,,,,,
421,http://vocab.performing-arts.ch/so,,True,Object,,ebucore:scanningOrder,,,video scanning order,,,,,,,,,
422,http://vocab.performing-arts.ch/sotop,http://vocab.performing-arts.ch/so,False,Object,,,,,top,upper,,,,,,,,
423,http://vocab.performing-arts.ch/sobtm,http://vocab.performing-arts.ch/so,False,Object,,,,,bottom,lower,,,,,,,,
424,http://vocab.performing-arts.ch/rs,,True,Record Resource,rico:RecordSet,rico:hasRecordSetType,,,archival level,,,Archivebene,,niveau archives,,,,
425,http://vocab.performing-arts.ch/rstyp,http://vocab.performing-arts.ch/rs,False,Record Resource,,,,,record set type,,,Record-Set-Typ,,Type d'unité de description,,tipo di record set,,
426,http://vocab.performing-arts.ch/rsarc,http://vocab.performing-arts.ch/rstyp,False,Record Resource,,,wd:Q166118,,archive,,,Archiv,,archives,,archivio,,
427,http://vocab.performing-arts.ch/rssct,http://vocab.performing-arts.ch/rstyp,False,Record Resource,,,,,section,,,Hauptabteilung,,section,,sezione,,
428,http://vocab.performing-arts.ch/rsssc,http://vocab.performing-arts.ch/rssct,False,Record Resource,,,,,sub-section,,,Unterabteilung,,sous-section,,sottosezione,,
429,http://vocab.performing-arts.ch/rsfnd,http://vocab.performing-arts.ch/rstyp,False,Record Resource,,,ric-rst:Fonds; wd:Q3052382,"""The whole of the records, regardless of form or medium, organically created and/or accumulated and used by a particular person, family, or corporate body in the course of that creator’s activities and functions."" (ISAD-G, 2nd ed.)",fonds,,,Bestand,,fonds,,fondo,,
430,http://vocab.performing-arts.ch/rssfn,http://vocab.performing-arts.ch/rsfnd,False,Record Resource,,,,"""A subdivision of a fonds containing a body of related records corresponding to administrative subdivisions in the originating agency or organization or, when that is not possible, to geographical, chronological, functional, or similar groupings of the material itself. When the creating body has a complex hierarchical structure, each sub-fonds has as many subordinate sub-fonds as are necessary to reflect the levels of the hierarchical structure of the primary subordinate administrative unit."" (ISAD-G, 2nd end.)",sub-fonds,,,Teilbestand,,sous-fonds,,sub-fondo,,
431,http://vocab.performing-arts.ch/rsssf,http://vocab.performing-arts.ch/rssfn,False,Record Resource,,,,,sub-sub-fonds,,,Unterteilbestand,,sous-sous-fonds,,sub-sub-fondo,,
432,http://vocab.performing-arts.ch/rsclt,http://vocab.performing-arts.ch/rstyp,False,Record Resource,,,ric-rst:Collection,"""An artificial assemblage of documents accumulated on the basis of some common characteristic without regard to the provenance of those documents. Not to be confused with an archival fonds."" (ISAD-G, 2nd end.)",collection,,,Sammlung,,collection,,collezione,,
433,http://vocab.performing-arts.ch/rssrs,http://vocab.performing-arts.ch/rstyp,False,Record Resource,,,ric-rst:Series; wd:Q3511132,"""Documents arranged in accordance with a filing system or maintained as a unit because they result from the same accumulation or filing process, or the same activity; have a particular form; or because of some other relationship arising out of their creation, receipt, or use. A series is also known as a records series."" (ISAD-G, 2nd end.)",series,,,Serie,,série,,serie,,
434,http://vocab.performing-arts.ch/rsssr,http://vocab.performing-arts.ch/rssrs,False,Record Resource,,,,,sub-series,,,Teilserie,,sous-série,,sotto serie,,
435,http://vocab.performing-arts.ch/rsfil,http://vocab.performing-arts.ch/rstyp,False,Record Resource,,,ric-rst:File; wd:Q19515368,"""An organized unit of documents grouped together either for current use by the creator or in the process of archival arrangement, because they relate to the same subject, activity, or transaction. A file is usually the basic unit within a record series."" (ISAD-G, 2nd end.)",file,dossier,,Dossier,,dossier,,dossier,,
436,http://vocab.performing-arts.ch/rsitm,http://vocab.performing-arts.ch/rs,False,Record Resource,rico:Record,,wd:Q11723795,"""Recorded information in any form or medium, created or received and maintained, by an organization or person in the transaction of business or the conduct of affairs."" (ISAD-G, 2nd end.)",document,record; item,,Dokument,,document,,documento,,
437,http://vocab.performing-arts.ch/wa,,True,Record Resource,crm:E42_Identifier,crm:P2_has_type,,,identifier,,,Identifizierungszeichen,,identification,,identificatore,,
438,http://vocab.performing-arts.ch/wayst,http://vocab.performing-arts.ch/wa,False,Record Resource,,,,,signature,,,Signature,,cote,,segnatura,,
439,http://vocab.performing-arts.ch/wajzb,http://vocab.performing-arts.ch/wa,False,Record Resource,,,,,delivery number,,,Ablieferungsnummer,,n° de versement,,numero di consegna,,
440,http://vocab.performing-arts.ch/wamim,http://vocab.performing-arts.ch/wa,False,Record Resource,,,,,previous signature,,,vorherige Signatur,,cote précédente,,segnatura precedente,,
441,http://vocab.performing-arts.ch/yy,,True,Record Resource,,,,,permission,,,,,,,,,
442,http://vocab.performing-arts.ch/zb,,True,Record Resource,,,,,accrual status,,,,,,,,,
443,http://vocab.performing-arts.ch/cp,,True,Record Resource,rico:RecordRecourse,spao:hasCopyrightDeclaration,,,copyright declaration,,,Urheberrechtserklärung,,déclaration d’accord,,dichiarazione dei diritti d'autore,,
444,http://vocab.performing-arts.ch/cpyes,http://vocab.performing-arts.ch/cp,False,Record Resource,,,,,yes,,,ja,,oui,,sì,,
445,http://vocab.performing-arts.ch/cpno,http://vocab.performing-arts.ch/cp,False,Record Resource,,,,,no,,,nein,,non,,no,,
446,http://vocab.performing-arts.ch/cpprs,http://vocab.performing-arts.ch/cp,False,Record Resource,,,,,purchase,,,Ankauf,,achat,,acquisto,,
447,http://vocab.performing-arts.ch/cpprt,http://vocab.performing-arts.ch/cp,False,Record Resource,,,,,partial,,,partiell,,partiel,,parziale,,
448,http://vocab.performing-arts.ch/cppnd,http://vocab.performing-arts.ch/cp,False,Record Resource,,,,,pending,,,pendent,,en cours,,in corso,,
449,http://vocab.performing-arts.ch/bl,,True,Record Resource,,,,,extended boolean,,,,,,,,,
450,http://vocab.performing-arts.ch/blyes,http://vocab.performing-arts.ch/bl,False,Record Resource,,,,,yes,,,ja,,oui,,sì,,
451,http://vocab.performing-arts.ch/blno,http://vocab.performing-arts.ch/bl,False,Record Resource,,,,,no,,,nein,,non,,no ,,
452,http://vocab.performing-arts.ch/blukn,http://vocab.performing-arts.ch/bl,False,Record Resource,,,,,unknown,,,unbekannt,,inconnu,,sconosciuto,,
453,http://vocab.performing-arts.ch/xg,,True,Record Resource,,,,,classification,,,,,,,,,
454,http://vocab.performing-arts.ch/tj,,True,Record Resource,,,,,access category,,,,,,,,,
455,http://vocab.performing-arts.ch/tjzns,http://vocab.performing-arts.ch/tj,False,Record Resource,,,,,public,,,öffentlich,,public,,pubblico,,
456,http://vocab.performing-arts.ch/tjeev,http://vocab.performing-arts.ch/tj,False,Record Resource,,,,,staff only,,,intern,,interne,,interno,,
457,http://vocab.performing-arts.ch/sz,,True,Record Resource,,,,,conditions of access,,,,,condition d’accès,,,,
458,http://vocab.performing-arts.ch/um,,True,Record Resource,,,,,extent unit,,,Umfang,,unité de mesure,,,,
459,http://vocab.performing-arts.ch/umpcs,http://vocab.performing-arts.ch/um,False,Record Resource,,,,,pieces,,,Stück,,pièce(s),,pezzo,,
460,http://vocab.performing-arts.ch/umsdc,http://vocab.performing-arts.ch/um,False,Record Resource,,,,,single documents,,,Einzeldokumente,,document(s) isolé(s),,,,
461,http://vocab.performing-arts.ch/umlnm,http://vocab.performing-arts.ch/um,False,Record Resource,,,,,linear meters,,,Laufmeter,,mètre(s) linéaire(s),,metri lineari,,
462,http://vocab.performing-arts.ch/umcm,http://vocab.performing-arts.ch/um,False,Record Resource,,,,,cm,,,cm,,cm,,cm,,
463,http://vocab.performing-arts.ch/umkg,http://vocab.performing-arts.ch/um,False,Record Resource,,,,,kg,,,kg,,kg,,kg,,
464,http://vocab.performing-arts.ch/umenv,http://vocab.performing-arts.ch/um,False,Record Resource,,,,,envelopes,,,Couverts,,fourre(s),,busta,,
465,http://vocab.performing-arts.ch/umcen,http://vocab.performing-arts.ch/umenv,False,Record Resource,,,,,collection envelopes,,,Sammelcouverts,,??,,,,
466,http://vocab.performing-arts.ch/umbox,http://vocab.performing-arts.ch/um,False,Record Resource,,,,,boxes,,,Schachteln,,boîte(s),,scatola,,
467,http://vocab.performing-arts.ch/umgig,http://vocab.performing-arts.ch/um,False,Record Resource,,,,,GB,,,GB,,GB,,GB,,
468,http://vocab.performing-arts.ch/mu,,True,Activity,crm:E7_Activity,crm:P2_has_type,,,activity type,,,,,type d’activités,,,,
469,http://vocab.performing-arts.ch/muyql,http://vocab.performing-arts.ch/mu,False,Activity,,,rdaa:P50204; frbr:creatorOf,equivalent in SPA Data Model: is creator of,creation,,,geistige Schöpfung,,création,,creazione,,
470,http://vocab.performing-arts.ch/muiuk,http://vocab.performing-arts.ch/muyql,False,Activity,,,rdaa:P50195; eclap:playwright,equivalent in SPA Data Model: is author of,authorship,,,Autorschaft,,paternité,,paternità,,
471,http://vocab.performing-arts.ch/mujmh,http://vocab.performing-arts.ch/muiuk,False,Activity,,,rdaa:P50225,equivalent in SPA Data Model: is librettist of,libretto,,,Libretto,,livret,,libretto,,
472,http://vocab.performing-arts.ch/muvhj,http://vocab.performing-arts.ch/muiuk,False,Activity,,,rdaa:P50224,equivalent in SPA Data Model: is lyricist of,lyrics,,,Liedtexte,,paroles,,testo,parole,
473,http://vocab.performing-arts.ch/mupot,http://vocab.performing-arts.ch/muiuk,False,Activity,,,rdaa:P50223,equivalent in SPA Data Model: is screenwriter of,screenplay,,,Drehbuch,,scénario,,sceneggiatura,,
474,http://vocab.performing-arts.ch/mufbo,http://vocab.performing-arts.ch/muyql,False,Activity,,,rdaa:P50187; eclap:composer,equivalent in SPA Data Model: is composer of,composition,,,Komposition,,composition,,composizione,,
475,http://vocab.performing-arts.ch/mucbq,http://vocab.performing-arts.ch/mu,False,Activity,,,rdaa:P50205,equivalent in SPA Data Model: is director of,direction,,,Regie,,direction,,regia,,
476,http://vocab.performing-arts.ch/mutnt,http://vocab.performing-arts.ch/mucbq,False,Activity,,,rdaa:P50139; eclap:director,equivalent in SPA Data Model: is stage director of,stage direction,,,Bühnenregie,,mise en scène,direction scénique,direzione di scena,,
477,http://vocab.performing-arts.ch/mugkn,http://vocab.performing-arts.ch/mutnt,False,Activity,,,eclap:assistantDirector,equivalent in SPA Data Model: is assistant stage director of,assistant stage direction,,,Bühnenregieassistenz,,assistant mise en scène,,assistente di scena,,
478,http://vocab.performing-arts.ch/muctj,http://vocab.performing-arts.ch/mucbq,False,Activity,,,rdaa:P50048,,film direction,,,Filmregie,,réalisation,,regia cinematografica,,
479,http://vocab.performing-arts.ch/mudvs,http://vocab.performing-arts.ch/mu,False,Activity,,,rdaa:P50207,equivalent in SPA Data Model: is director of photography of,direction of photography,,,Kamera,,direction de la photographie,,direzione della fotografia,,
480,http://vocab.performing-arts.ch/mubyr,http://vocab.performing-arts.ch/mu,False,Activity,,,rdaa:P50190,equivalent in SPA Data Model: is photographer of,photography,,,Fotografie,,photographie,,fotografia,,
481,http://vocab.performing-arts.ch/mudcw,http://vocab.performing-arts.ch/mu,False,Activity,,,eclap:adaptor,equivalent in SPA Data Model: is adaptor of,adaption,,,Adaption,,adaptation,,adattamento,,
482,http://vocab.performing-arts.ch/mujpp,http://vocab.performing-arts.ch/mu,False,Activity,,,rdaa:P50156,equivalent in SPA Data Model: is editor of,editing,,,Bearbeitung,,édition,,edizione,,
483,http://vocab.performing-arts.ch/muwyo,http://vocab.performing-arts.ch/mu,False,Activity,,,rdaa:P50145; eclap:translator,equivalent in SPA Data Model: is translator of,translation,,,Übersetzung,,traduction,,traduzione,,
484,http://vocab.performing-arts.ch/musim,http://vocab.performing-arts.ch/mu,False,Activity,,,eclap:dramaturge,equivalent in SPA Data Model: is dramaturge of,dramaturgy,,,Dramaturgie,,dramaturgie,,drammaturgia,,
485,http://vocab.performing-arts.ch/mupvk,http://vocab.performing-arts.ch/mu,False,Activity,,,rdaa:P50138,equivalent in SPA Data Model: is writer of added text of,added text,,,Zusätzlicher Text,,texte ajouté,,testo aggiunto,,
486,http://vocab.performing-arts.ch/muzua,http://vocab.performing-arts.ch/mu,False,Activity,,,rdaa:P50216,equivalent in SPA Data Model: is writer of added lyrics of,added lyrics,,,Zusätzliche Liedtexte,,paroles ajoutées,,testo aggiunto,parole aggiunte,
487,http://vocab.performing-arts.ch/muqtj,http://vocab.performing-arts.ch/mu,False,Activity,,,rdaa:P50137,equivalent in SPA Data Model: is arranger of music of,musical arrangement,,,Musikalisches Arrangement,,arrangement musical,,arrangiamento musicale,,
488,http://vocab.performing-arts.ch/muclm,http://vocab.performing-arts.ch/mu,False,Activity,,,,equivalent in SPA Data Model: is technical director of,technical direction,,,Technische Regie,,direction technique,,direzione tecnica,,
489,http://vocab.performing-arts.ch/mubbv,http://vocab.performing-arts.ch/muyql,False,Activity,,,eclap:choreographer,equivalent in SPA Data Model: is choreographer of,choreography,,,Choreografie,Choreographie,chorégraphie,,coreografia,,
490,http://vocab.performing-arts.ch/muwgo,http://vocab.performing-arts.ch/mu,False,Activity,,,rdaa:P50201; eclap:producer,equivalent in SPA Data Model: is producer of,production,,,Produktion,,production,,produzione,,
491,http://vocab.performing-arts.ch/mugja,http://vocab.performing-arts.ch/mu,False,Activity,,,rdaa:P50185,equivalent in SPA Data Model: is designer of,design,,,Design,,conception,,design,,
492,http://vocab.performing-arts.ch/mulga,http://vocab.performing-arts.ch/mugja,False,Activity,,,,equivalent in SPA Data Model: is art director of,art direction,,,Ausstattung,,direction artistique,,direzione artistica,,
493,http://vocab.performing-arts.ch/muqjb,http://vocab.performing-arts.ch/mulga,False,Activity,,,eclap:scenographer,equivalent in SPA Data Model: is set designer of,scenography,set design,,Bühnenbild,,scénographie,,scenografia,,
494,http://vocab.performing-arts.ch/muecs,http://vocab.performing-arts.ch/mulga,False,Activity,,,rdaa:P50144; eclap:costumeDesigner,equivalent in SPA Data Model: is costume designer of,costume design,,,Kostümentwurf,,conception costume,,design costumi,,
495,http://vocab.performing-arts.ch/muhas,http://vocab.performing-arts.ch/mulga,False,Activity,,,,,mask design,,,Maskenentwurf,,dessin du masque,,design maschera,,
496,http://vocab.performing-arts.ch/mufnt,http://vocab.performing-arts.ch/mulga,False,Activity,,,wd:Q541892,,makeup,,,Make-up,,maquillage,,trucco,,
497,http://vocab.performing-arts.ch/mumpj,http://vocab.performing-arts.ch/mulga,False,Activity,,,,,puppet design,,,Puppenbau,,conception de marionnette,,design marionette,,
498,http://vocab.performing-arts.ch/murni,http://vocab.performing-arts.ch/mulga,False,Activity,,,rdaa:P50256; eclap:lightDesigner,equivalent in SPA Data Model: is lighting designer of,lighting design,,,Lichtgestaltung,,conception lumière,,disegno luci,progettazione luci,
499,http://vocab.performing-arts.ch/mufwk,http://vocab.performing-arts.ch/mulga,False,Activity,,,,equivalent in SPA Data Model: is projection designer of,projection design,,,Projektionsgestaltung,,conception projection,,realizzazione proiezioni,,
500,http://vocab.performing-arts.ch/muqju,http://vocab.performing-arts.ch/mulga,False,Activity,,,,equivalent in SPA Data Model: is video designer of,video design,,,Videodesign,,conception vidéo,,video,,
501,http://vocab.performing-arts.ch/muxzh,http://vocab.performing-arts.ch/mulga,False,Activity,,,rdaa:P50255; eclap:soundDesigner,equivalent in SPA Data Model: is sound designer of,sound design,,,Tongestaltung,,conception sonore,,suono,,
502,http://vocab.performing-arts.ch/mulnl,http://vocab.performing-arts.ch/mugja,False,Activity,,,rdaa:P50198,equivalent in SPA Data Model: is production designer of,production design,,,Produktionsdesign,,conception de production,,concetto di produzione,,"""designing the overall visual appearance of a moving image production"" (RDAA)"
503,http://vocab.performing-arts.ch/muqfg,http://vocab.performing-arts.ch/mu,False,Activity,,,rdaa:P50070,equivalent in SPA Data Model: is conductor of,conductor,,,Dirigent,,chef d’orchestre,,direttore d’orchestra,,
504,http://vocab.performing-arts.ch/mufcc,http://vocab.performing-arts.ch/muqfg,False,Activity,,,rdaa:P50268,equivalent in SPA Data Model: is choral conductor of,choral conductor,,,Chorleitung,,chef de choeur ,,direttore del coro,,
505,http://vocab.performing-arts.ch/muawx,http://vocab.performing-arts.ch/mu,False,Activity,,,rdaa:P50147,equivalent in SPA Data Model: is performer of,performance,,,Performance,,performance,,perfomance,,
506,http://vocab.performing-arts.ch/munib,http://vocab.performing-arts.ch/muawx,False,Activity,,,rdaa:P50071; eclap:actor,equivalent in SPA Data Model: is actor of,acting,,,Schauspiel,,interprète,,recitazione,,
507,http://vocab.performing-arts.ch/mulcp,http://vocab.performing-arts.ch/muawx,False,Activity,,,rdaa:P50073; eclap:dancer,equivalent in SPA Data Model: is dancer of,dance,,,Tanz,,danse,,danza,,
508,http://vocab.performing-arts.ch/muiim,http://vocab.performing-arts.ch/muawx,False,Activity,,,eclap:musician,equivalent in SPA Data Model: is music performer of,music performance,,,Musikalische Aufführung,,performance musicale,,perfomance musicale,,
509,http://vocab.performing-arts.ch/mupfz,http://vocab.performing-arts.ch/muawx,False,Activity,,,rdaa:P50075,equivalent in SPA Data Model: is host of,host,,,Gastgeber,,invité,,ospite,,
510,http://vocab.performing-arts.ch/mupah,http://vocab.performing-arts.ch/muiim,False,Activity,,,rdaa:P50079,equivalent in SPA Data Model: is instrumentalist of,instrumental perfomance,,,Instrumentale Aufführung,,performance instrumentale,,performace strumentale,,
511,http://vocab.performing-arts.ch/muygg,http://vocab.performing-arts.ch/muiim,False,Activity,,,rdaa:P50084; eclap:singer,equivalent in SPA Data Model: is singer of,singing,,,Gesang,,chant,,canto,,
512,http://vocab.performing-arts.ch/mujhq,http://vocab.performing-arts.ch/muawx,False,Activity,,,,,pantomime,,,Pantomime,,pantonine,,pantomima,,
513,http://vocab.performing-arts.ch/muhkf,http://vocab.performing-arts.ch/muawx,False,Activity,,,rdaa:P50077,equivalent in SPA Data Model: is puppeteer of,puppet show,,,Puppenspiel,,spectacle de marionnettes,,spettacolo di marionette,,
514,http://vocab.performing-arts.ch/muacs,http://vocab.performing-arts.ch/muawx,False,Activity,,,rdaa:P50081,equivalent in SPA Data Model: is narrator of,narration,,,Erzählung,,conte,,racconto,,
515,http://vocab.performing-arts.ch/mumnc,http://vocab.performing-arts.ch/muawx,False,Activity,,,rdaa:P50076,equivalent in SPA Data Model: is moderator of,moderation,,,Moderation,,modération,,moderazione,,
516,http://vocab.performing-arts.ch/mufif,http://vocab.performing-arts.ch/muhti,False,Activity,,,rdaa:P50296,equivalent in SPA Data Model: is audio engineer of,audio engineering,,,Tontechnik,,technique audio,,tecnica del suono,,
517,http://vocab.performing-arts.ch/muhti,http://vocab.performing-arts.ch/mu,False,Activity,,,rdaa:P50158,equivalent in SPA Data Model: is recording engineer of,recording engineering,,,Aufnahmetechnik,,technique enregistrement,,tecnica di registrazione,,
518,http://vocab.performing-arts.ch/mueeb,http://vocab.performing-arts.ch/mu,False,Activity,,,rdaa:P50160,equivalent in SPA Data Model: is recordist of,recording,,,Aufnahme,,enregistrement,,registrazione,,
519,http://vocab.performing-arts.ch/mujig,http://vocab.performing-arts.ch/mueeb,False,Activity,,,,equivalent in SPA Data Model: is camera operator of,camera operation,,,Kameraführung,,guidage caméra,,gestione della macchina da presa,,
520,http://vocab.performing-arts.ch/muiqu,http://vocab.performing-arts.ch/mu,False,Activity,,,rdaa:P50183,equivalent in SPA Data Model: is editor of moving image work of,editing of moving image work,,,Schnitt,Bildschnitt,montage,,montaggio,,
521,http://vocab.performing-arts.ch/mudat,http://vocab.performing-arts.ch/mu,False,Activity,,,,,oeil extérieur,,,dramaturgische Begleitung,œil extérieur,œil extérieur,oeil extérieur,occhio esterno,,
522,http://vocab.performing-arts.ch/mugup,http://vocab.performing-arts.ch/mu,False,Activity,,,,,trainer,coach,,Trainer,,entraîneur,,preparatore,,
523,http://vocab.performing-arts.ch/munuj,http://vocab.performing-arts.ch/mu,False,Activity,,,rdaa:P50161,equivalent in SPA Data Model: is contributer of,contribution,,,Beitrag,,contribution,,contributo,,
524,http://vocab.performing-arts.ch/mujfv,http://vocab.performing-arts.ch/mu,False,Activity,,,,,management,,,Management,,management,,management,gestione; amministrazione,
525,http://vocab.performing-arts.ch/mukzi,http://vocab.performing-arts.ch/mu,False,Activity,,,,,guest performance,,,Gastauftritt,,artiste invité,,spettacolo ospite,,
526,http://vocab.performing-arts.ch/lg,,True,Work,rico:RecordResource,rico:hasOrHadLanguage,,,language,,,Sprache,,langue,,,,
527,http://vocab.performing-arts.ch/lgfra,http://vocab.performing-arts.ch/lg,False,Work,,,iso639-2:fra; wd:Q150,,French,,,Französisch,,français,,francese,,
528,http://vocab.performing-arts.ch/lgdeu,http://vocab.performing-arts.ch/lg,False,Work,,,iso639-2:deu; wd:Q188,,German,,,Deutsch,,allemand,,tedesco,,
529,http://vocab.performing-arts.ch/lgita,http://vocab.performing-arts.ch/lg,False,Work,,,iso639-2:ita; wd:Q652,,Italian,,,Italienisch,,italien,,italiano,,
530,http://vocab.performing-arts.ch/lgeng,http://vocab.performing-arts.ch/lg,False,Work,,,iso639-2:eng; wd:Q1860,,English,,,Englisch,,anglais,,inglese,,
531,http://vocab.performing-arts.ch/lggsw,http://vocab.performing-arts.ch/lg,False,Work,,,iso639-2:gsw; wd:Q387066,,Swiss German,,,Schweizerdeutsch,,suisse allemand,,svizzero tedesco,,
532,http://vocab.performing-arts.ch/lgroh,http://vocab.performing-arts.ch/lg,False,Work,,,iso639-2:roh; wd:Q13199,,Romansh,,,Rätoromanisch,,rhéto-roman,,romancio,,
533,http://vocab.performing-arts.ch/lgitt,http://vocab.performing-arts.ch/lgita,False,Work,,,wd:Q672147,,Swiss Italian,,,Schweizer Italienisch,,italien suisse,,lingua italiana in Svizzera,,
534,http://vocab.performing-arts.ch/lgfrc,http://vocab.performing-arts.ch/lgfra,False,Work,,,wd:Q1480152,,Swiss French,,,Schweizer Französisch,,français suisse,,lingua francese in Svizzera,,
535,http://vocab.performing-arts.ch/lgalb,http://vocab.performing-arts.ch/lg,False,Work,,,iso639-2:alb,,Albanian,,,Albanisch,,albanais,,albanese,,
536,http://vocab.performing-arts.ch/lgals,http://vocab.performing-arts.ch/lg,False,Work,,,iso639-2:gsw,,Alsatian,,,Elsässisch,,alsacien,,alsaziano,,
537,http://vocab.performing-arts.ch/lgara,http://vocab.performing-arts.ch/lg,False,Work,,,iso639-2:ara; wd:Q13955,,Arabic,,,Arabisch,,arabe,,arabo,,
538,http://vocab.performing-arts.ch/lgarm,http://vocab.performing-arts.ch/lg,False,Work,,,iso639-2:arm,,Armenian,,,Armenisch,,armémien,,armeno,,
539,http://vocab.performing-arts.ch/lgbam,http://vocab.performing-arts.ch/lg,False,Work,,,iso639-2:bam,,Bambara,,,Bambara,,bambara,,bambara,,
540,http://vocab.performing-arts.ch/lgbos,http://vocab.performing-arts.ch/lg,False,Work,,,iso639-2:bos,,Bosnian,,,Bosnisch,,bosniaque,,bosniaco,,
541,http://vocab.performing-arts.ch/lgbul,http://vocab.performing-arts.ch/lg,False,Work,,,iso639-2:bul,,Bulgarian,,,Bulgarisch,,bulgare,,bulgaro,,
542,http://vocab.performing-arts.ch/lgces,http://vocab.performing-arts.ch/lg,False,Work,,,iso639-2:ces; wd:Q9056,,Czech,,,Tschechisch,,tchèque,,ceco,,
543,http://vocab.performing-arts.ch/lgchi,http://vocab.performing-arts.ch/lg,False,Work,,,iso639-2:chi,,Chinese,Cantonese,,Chinesisch,Kantonesisch,chinois,,cinese,,
544,http://vocab.performing-arts.ch/lgdan,http://vocab.performing-arts.ch/lg,False,Work,,,iso639-2:dan,,Danish,,,Dänisch,,danois,,danese,,
545,http://vocab.performing-arts.ch/lgdut,http://vocab.performing-arts.ch/lg,False,Work,,,iso639-2:dut; wd:Q7411,,Dutch,Flemish,,Niederländisch,,néerlandais,flamand,olandese,,
546,http://vocab.performing-arts.ch/lgell,http://vocab.performing-arts.ch/lg,False,Work,,,iso639-2:ell,,Greek,Modern Greek,,Griechisch,,grec moderne,,greco moderno,,
547,http://vocab.performing-arts.ch/lgest,http://vocab.performing-arts.ch/lg,False,Work,,,iso639-2:est,,Estonian,,,Estnisch,,estonien,,estone,,
548,http://vocab.performing-arts.ch/lgfao,http://vocab.performing-arts.ch/lg,False,Work,,,iso639-2:fao,,Faroese,,,Färöisch,,féroïen,,faroese,,
549,http://vocab.performing-arts.ch/lgfas,http://vocab.performing-arts.ch/lg,False,Work,,,iso639-2:fas,,Persian,Farsi,,Farsi,,persan,,farsi,,
550,http://vocab.performing-arts.ch/lgfin,http://vocab.performing-arts.ch/lg,False,Work,,,iso639-2:fin,,Finnish,,,Finnisch,,finnois,,finlandese,,
551,http://vocab.performing-arts.ch/lgfur,http://vocab.performing-arts.ch/lg,False,Work,,,iso639-2:fur,,Friulian,Friulan,,Friaulisch,Furlanisch,frioulan,,friulano,,
552,http://vocab.performing-arts.ch/lggrn,http://vocab.performing-arts.ch/lg,False,Work,,,iso639-2:grn,,Guarani,Paraguayan Guarani,,Guaraní,,guarani,,guarani,,
553,http://vocab.performing-arts.ch/lghbo,http://vocab.performing-arts.ch/lg,False,Work,,,iso639-3:hbo,,Old Hebrew,,,Althebräisch,,hébreu ancien,,ebraico antico,,
554,http://vocab.performing-arts.ch/lgheb,http://vocab.performing-arts.ch/lg,False,Work,,,iso639-2:heb,,Hebrew,,,Hebräisch,,hébreu,,ebraico,,
555,http://vocab.performing-arts.ch/lghin,http://vocab.performing-arts.ch/lg,False,Work,,,iso639-2:hin,,Hindi,,,Hindi,,hindi,,hindi,,
556,http://vocab.performing-arts.ch/lghrv,http://vocab.performing-arts.ch/lg,False,Work,,,iso639-2:hrv,,Croatian,,,Kroatisch,,croate,,croato,,
557,http://vocab.performing-arts.ch/lghun,http://vocab.performing-arts.ch/lg,False,Work,,,iso639-2:hun; wd:Q9067,,Hungarian,,,Ungarisch,,hongrois,,ungherese,,
558,http://vocab.performing-arts.ch/lgice,http://vocab.performing-arts.ch/lg,False,Work,,,iso639-2:ice; wd:Q294,,Icelandic,,,Isländisch,,islandais,,islandese,,
559,http://vocab.performing-arts.ch/lgind,http://vocab.performing-arts.ch/lg,False,Work,,,iso639-2:ind,,Indonesian,,,Indonesisch,,indonésien,,indonesiano,,
560,http://vocab.performing-arts.ch/lgjap,http://vocab.performing-arts.ch/lg,False,Work,,,iso639-2:jap; wd:Q5287,,Japanese,,,Japanisch,,japonais,,giapponese,,
561,http://vocab.performing-arts.ch/lgkor,http://vocab.performing-arts.ch/lg,False,Work,,,iso639-2:kor,,Korean,,,Koreanisch,,coréen,,coreano,,
562,http://vocab.performing-arts.ch/lgkur,http://vocab.performing-arts.ch/lg,False,Work,,,iso639-2:kur,,Kurdish,,,Kurdisch,,kurde,,curdo,,
563,http://vocab.performing-arts.ch/lglat,http://vocab.performing-arts.ch/lg,False,Work,,,iso639-2:lat,,Latin,,,Latein,,latin,,latino,,
564,http://vocab.performing-arts.ch/lglav,http://vocab.performing-arts.ch/lg,False,Work,,,iso639-2:lav,,Latvian,,,Lettisch,,letton,,lettone,,
565,http://vocab.performing-arts.ch/lglin,http://vocab.performing-arts.ch/lg,False,Work,,,iso639-2:lin,,Lingala,,,Lingala,,lingala,,lingala,,
566,http://vocab.performing-arts.ch/lglit,http://vocab.performing-arts.ch/lg,False,Work,,,iso639-2:lit,,Lithuanian,,,Litauisch,,lituatien,,lituano,,
567,http://vocab.performing-arts.ch/lgmao,http://vocab.performing-arts.ch/lg,False,Work,,,iso639-2:mao,,Maori,,,Maori,,māori,,maori,,
568,http://vocab.performing-arts.ch/lgmlg,http://vocab.performing-arts.ch/lg,False,Work,,,iso639-2:mlg,,Malagasy,,,Malagasy,Malagassi,malgache,,malgascio,,
569,http://vocab.performing-arts.ch/lgmnd,http://vocab.performing-arts.ch/lg,False,Work,,,iso639-2:chi,,Mandarin,,,Mandarin,,mandarin,,mandarino,cinese mandarino,
570,http://vocab.performing-arts.ch/lgmos,http://vocab.performing-arts.ch/lg,False,Work,,,iso639-2:mos,,Mossi,Mòoré,,Mòoré,Moore,moré,Mòoré,more,,
571,http://vocab.performing-arts.ch/lgnor,http://vocab.performing-arts.ch/lg,False,Work,,,iso639-2:nor;wd:Q9043,,Norwegian,,,Norwegisch,,norvégien,,norvegese,,
572,http://vocab.performing-arts.ch/lgnno,http://vocab.performing-arts.ch/lgnor,False,Work,,,iso639-2:nno;wd:Q25164,,Norwegian Nynorsk,New Norwegian,,Norwegisch (Nynorsk),Neunorwegisch,norvégien nynorsk,néo-norvégien,norvegese nynorsk,neonorvegese,
573,http://vocab.performing-arts.ch/lgnob,http://vocab.performing-arts.ch/lgnor,False,Work,,,iso639-2:nob;wd:Q25167,,Norwegian Bokmål,,,Norwegisch (Bokmål),,norvégien bokmål,,norvegese bokmål,,
574,http://vocab.performing-arts.ch/lgnou,http://vocab.performing-arts.ch/lg,False,Work,,,wd:Q3344819,,Nouchi,Noussi,,Nouchi,Noussi,nouchi,Noussi,nouchi,noussi,
575,http://vocab.performing-arts.ch/lgoci,http://vocab.performing-arts.ch/lg,False,Work,,,iso639-2:oci,,Occitan,,,Okzitanisch,,occitan,,occitano,,
576,http://vocab.performing-arts.ch/lgpol,http://vocab.performing-arts.ch/lg,False,Work,,,iso639-2:pol; wd:Q809,,Polish,,,Polnisch,,polonais,,polacco,,
577,http://vocab.performing-arts.ch/lgpor,http://vocab.performing-arts.ch/lg,False,Work,,,iso639-2:por; wd:Q5146,,Portuguese,,,Portugiesisch,,portugais,,portoghese,,
578,http://vocab.performing-arts.ch/lgrum,http://vocab.performing-arts.ch/lg,False,Work,,,iso639-2:rum,,Romanian,,,Rumänisch,,roumain,,rumeno,romeno,
579,http://vocab.performing-arts.ch/lgrus,http://vocab.performing-arts.ch/lg,False,Work,,,iso639-2:rus; wd:Q7737,,Russian,,,Russisch,,russe,,russo,,
580,http://vocab.performing-arts.ch/lgsan,http://vocab.performing-arts.ch/lg,False,Work,,,iso639-2:san,,Sanskrit,,,Sanskrit,,sanskrit,,sanscrito,,
581,http://vocab.performing-arts.ch/lgsgn,http://vocab.performing-arts.ch/lg,False,Work,,,iso639-2:sgn;wd:Q34228,,sign language,,,Gebärdensprache,,langue des signes	,,lingua dei segni,,
582,http://vocab.performing-arts.ch/lgslv,http://vocab.performing-arts.ch/lg,False,Work,,,iso639-2:slv; wd:Q9063,,Slovene,,,Slowenisch,,slovène,,sloveno,,
583,http://vocab.performing-arts.ch/lgspa,http://vocab.performing-arts.ch/lg,False,Work,,,iso639-2:spa; wd:Q1321,,Spanish,,,Spanisch,,espagnol,,spagnolo,,
584,http://vocab.performing-arts.ch/lgsrp,http://vocab.performing-arts.ch/lg,False,Work,,,iso639-2:srp,,Serbian,,,Serbisch,,serbe,,serbo,,
585,http://vocab.performing-arts.ch/lgswa,http://vocab.performing-arts.ch/lg,False,Work,,,iso639-2:swa,,Swahili,Kiswahili,,Swahili,Suaheli,swahili,,swahili,,
586,http://vocab.performing-arts.ch/lgswe,http://vocab.performing-arts.ch/lg,False,Work,,,iso639-2:swe; wd:Q9027,,Swedish,,,Schwedisch,,suédois,,svedese,,
587,http://vocab.performing-arts.ch/lgtam,http://vocab.performing-arts.ch/lg,False,Work,,,iso639-2:tam,,Tamil,,,Tamil,Tamilisch,tamoul,,tamil,,
588,http://vocab.performing-arts.ch/lgtha,http://vocab.performing-arts.ch/lg,False,Work,,,iso639-2:tha,,Thai,,,Thai,,thaï,,tailandese,,
589,http://vocab.performing-arts.ch/lgtuk,http://vocab.performing-arts.ch/lg,False,Work,,,iso639-2:tuk,,Turkmen,,,Turkmenisch,,turkmène,,turcmeno,,
590,http://vocab.performing-arts.ch/lgtur,http://vocab.performing-arts.ch/lg,False,Work,,,iso639-2:tur,,Turkish,,,Türkisch,,turc,,turco,,
591,http://vocab.performing-arts.ch/lgukr,http://vocab.performing-arts.ch/lg,False,Work,,,iso639-2:ukr,,Ukrainian,,,Ukrainisch,,ukrainien,,ucraino,,
592,http://vocab.performing-arts.ch/lgvie,http://vocab.performing-arts.ch/lg,False,Work,,,iso639-2:vie,,Vietnamese,,,Vietnamesisch,,vietnamien,,vietnamita,,
593,http://vocab.performing-arts.ch/lgwen,http://vocab.performing-arts.ch/lg,False,Work,,,iso639-2:wen,,Sorbian languages,,,Sorbische Sprachen,,langues sorabe,,lingue lusaziane,,
594,http://vocab.performing-arts.ch/lgxho,http://vocab.performing-arts.ch/lg,False,Work,,,iso639-2:xho,,Xhosa,isiXhosa,,Xhosa,isiXhosa,xhosa,,xhosa,,
595,http://vocab.performing-arts.ch/lgyid,http://vocab.performing-arts.ch/lg,False,Work,,,iso639-2:yid,,Yiddish,,,Jiddisch,,yiddish,,yiddish,,
596,http://vocab.performing-arts.ch/lgzza,http://vocab.performing-arts.ch/lg,False,Work,,,iso639-2:zza,,Zaza,,,Zaza,Zazaisch,zazaki,,zazaki,,
597,http://vocab.performing-arts.ch/ct,,True,Date,rico:Date,rico:certainty,,,certainty,,,Sicherheit,,certitude,,certezza,,
598,http://vocab.performing-arts.ch/ctcrt,http://vocab.performing-arts.ch/ct,False,Date,,,,,certain,,,sicher,,certain,,sicuro,,
599,http://vocab.performing-arts.ch/ctprb,http://vocab.performing-arts.ch/ct,False,Date,,,,,probable,,,wahrscheinlich,,probablement,,probabilmente,,
600,http://vocab.performing-arts.ch/ctddd,http://vocab.performing-arts.ch/ct,False,Date,,,,,deduced,,,abgeleitet,,déduite,,dedotta,,
601,http://vocab.performing-arts.ch/ctuct,http://vocab.performing-arts.ch/ct,False,Date,,,,,uncertain,,,unsicher,,incertain,,incerto,,
602,http://vocab.performing-arts.ch/dq,,True,Date,rico:Date,rico:dateQualifier,,,date qualifier,,,Datumskennzeichen,,indicateur de date,,data qualificatore,,
603,http://vocab.performing-arts.ch/dqext,http://vocab.performing-arts.ch/dq,False,Date,,,,,exact,,,exakt,,exact,,esatto,,
604,http://vocab.performing-arts.ch/dqcrc,http://vocab.performing-arts.ch/dq,False,Date,,,,,circa,,,circa,,circa,,circa,,
605,http://vocab.performing-arts.ch/dqdrg,http://vocab.performing-arts.ch/dq,False,Date,,,,,during,,,während,,pendant,,durante,,
606,http://vocab.performing-arts.ch/nd,,True,Date,rico:Date,,,,no date value,,,,,sans valeur de date,,,,
607,http://vocab.performing-arts.ch/ndsd,http://vocab.performing-arts.ch/nd,False,Date,,,,,s.d.,,,,,s.d.,,,,
608,http://vocab.performing-arts.ch/ndna,http://vocab.performing-arts.ch/nd,False,Date,,,,,N/A',,,,,,,,,
609,http://vocab.performing-arts.ch/et,,True,Event,rico:Event,rico:hasEventType,,,event type,,,Ergeignisart,,type d’entrée,,tipo di acquisizione,,
610,http://vocab.performing-arts.ch/etmoc,http://vocab.performing-arts.ch/et,False,Event,,,aat:300417634,,methods of acquisition,,,Eingangsart,,type d’acquisition,,tipo di acquisizione,,
611,http://vocab.performing-arts.ch/etpur,http://vocab.performing-arts.ch/etmoc,False,Event,,,aat:300417642,,purchase,,,Ankauf,,achat,,acquisto,,
612,http://vocab.performing-arts.ch/etdon,http://vocab.performing-arts.ch/etmoc,False,Event,,,aat:300417638,,donation,,,Schenkung,,donation,,donazione,,
613,http://vocab.performing-arts.ch/etloa,http://vocab.performing-arts.ch/etmoc,False,Event,,,aat:300417645,,loan,,,Leihgabe,,dépôt,,deposito,,
614,http://vocab.performing-arts.ch/etbeq,http://vocab.performing-arts.ch/etmoc,False,Event,,,aat:300417641,,bequest,,,Legat,,legs,,legato,,
615,http://vocab.performing-arts.ch/etcpa,http://vocab.performing-arts.ch/etmoc,False,Event,,,,,copy created by archive,,,Kopie erstellt durch Archiv,,copie créée par l’archive,,copia creata dall'archivio,,
616,http://vocab.performing-arts.ch/etopd,http://vocab.performing-arts.ch/etmoc,False,Event,,,,,own production,,,Eigenproduktion,,production interne,,produzione interna,,
617,http://vocab.performing-arts.ch/ar,,True,File,premis:File,ebucore:aspectRatio,,,aspect ratio,,,,,,,,,
618,http://vocab.performing-arts.ch/aranm,http://vocab.performing-arts.ch/ar,False,File,,,http://id.loc.gov/vocabulary/maspect/ana,,anamorphic,,,,,,,,,
619,http://vocab.performing-arts.ch/arwsc,http://vocab.performing-arts.ch/ar,False,File,,,http://id.loc.gov/vocabulary/maspect/wide,,wide screen,,,,,,,,,
620,http://vocab.performing-arts.ch/arplb,http://vocab.performing-arts.ch/ar,False,File,,,,,pillarboxed,,,,,,,,,
621,http://vocab.performing-arts.ch/arltb,http://vocab.performing-arts.ch/ar,False,File,,,http://id.loc.gov/vocabulary/maspect/letbox,,letterboxed,,,,,,,,,
622,http://vocab.performing-arts.ch/arfsc,http://vocab.performing-arts.ch/ar,False,File,,,http://id.loc.gov/vocabulary/maspect/full,,full screen,,,,,,,,,
623,http://vocab.performing-arts.ch/tp,,True,Record Resource,rico:RecordResource,spao:hasTermOfProtection,,,term of protection,,,Schutzfristkategorie,,durée de protection,,durata di protezione,,
624,http://vocab.performing-arts.ch/tpunk,http://vocab.performing-arts.ch/tp,False,Record Resource,,,,,unknown,,,unbekannt,,inconnu,,sconosciuto,,
625,http://vocab.performing-arts.ch/tpeop,http://vocab.performing-arts.ch/tp,False,Record Resource,,,,,end of period,,,Zeitraumende,,fin de période,,fine del periodo,,
626,http://vocab.performing-arts.ch/pm,,True,Record Resource,rico:RecordResource,spao:hasPermission,,,permission,,,Bewilligung,,autorisation,,autorizzazione,,
627,http://vocab.performing-arts.ch/pmarc,http://vocab.performing-arts.ch/pm,False,Record Resource,,,,,archivist,,,Archivar,,archiviste,,archivista,,
628,http://vocab.performing-arts.ch/pmprv,http://vocab.performing-arts.ch/pm,False,Record Resource,,,,,provenance,,,Provenienz,,provenance,,provenienza,,
629,http://vocab.performing-arts.ch/pmnon,http://vocab.performing-arts.ch/pm,False,Record Resource,,,,,none,,,keine,,aucune,,nessuna,,
630,http://vocab.performing-arts.ch/ac,,True,Record Resource,rico:RecordResource,spao:hasAccessability,,,accessability,,,Zugänglichkeit,,accessibilité,,accessibilità,,
631,http://vocab.performing-arts.ch/acstf,http://vocab.performing-arts.ch/ac,False,Record Resource,,,,,staff,,,Mitarbeitende,,collaborateurs,,collaboratori,,
632,http://vocab.performing-arts.ch/acpbc,http://vocab.performing-arts.ch/ac,False,Record Resource,,,,,public,,,öffentlich,,publique,,pubblico,,
633,http://vocab.performing-arts.ch/pu,,True,Record Resource,rico:RecordResource,spao:hasPhysicalUsability,,,physical usability,,,Physische Benutzbarkeit,,consultabilité physique,,consultabilità pubblica,,
634,http://vocab.performing-arts.ch/puurs,http://vocab.performing-arts.ch/pu,False,Record Resource,,,,,unrestricted,,,uneingeschränkt,,sans restriction,,senza restrizioni,,
635,http://vocab.performing-arts.ch/pures,http://vocab.performing-arts.ch/pu,False,Record Resource,,,,,restricted,,,eingeschränkt,,restreinte,,limitata,,
636,http://vocab.performing-arts.ch/punps,http://vocab.performing-arts.ch/pu,False,Record Resource,,,,,not possible,,,nicht möglich,,impossible,,non possibile,,
637,http://vocab.performing-arts.ch/id,,True,Identifier,rico:Identifier,crm:P2_has_type, , ,identifier, ,Signatur Typ,Identifikation,,Identifiants,,Segnature, , 
638,http://vocab.performing-arts.ch/idold,http://vocab.performing-arts.ch/id,False,Identifier,,,,,Old Identifier,,alt Signatur,alte Signatur,,Ancienne cote,,Segnatura precedente,,
639,http://vocab.performing-arts.ch/iduni,http://vocab.performing-arts.ch/id,False,Identifier,,,,,Unique ID,,Identifizierung Signature,Signatur ID,,Cote d'identification,,Segnatura ID,,
640,http://vocab.performing-arts.ch/idtec,http://vocab.performing-arts.ch/id,False,Identifier,,,,,Technical Identifier,,,Technische Signatur,,Cote technique,,Segnatura tecnica,,
641,http://vocab.performing-arts.ch/idcon,http://vocab.performing-arts.ch/id,False,Identifier,,,,,Contextual Identifier,,,Kontext Signatur ,,Cote de classement,,Segnatura contesto,,
642,http://vocab.performing-arts.ch/idpid,http://vocab.performing-arts.ch/id,False,Identifier,,,,,Cosmos Identifier,,,Cosmos Identifier,,Cosmos Identifier,,Cosmos Identifier,,
643,http://vocab.performing-arts.ch/zf,,True,Content,rico:Instantation,spao:recordingSystem, , ,recording system, ,Signatur Typ, ,, , , , , 
644,http://vocab.performing-arts.ch/zfaut,http://vocab.performing-arts.ch/zf,False,Content,,,,,Audio,,,,,,,,,
645,http://vocab.performing-arts.ch/zfdol,http://vocab.performing-arts.ch/zfaut,False,Content,,,,,dolby,,,,,,,,,
646,http://vocab.performing-arts.ch/zfhif,http://vocab.performing-arts.ch/zfaut,False,Content,,,,,hifi,,,,,,,,,
647,http://vocab.performing-arts.ch/zflic,http://vocab.performing-arts.ch/zfaut,False,Content,,,,,Lichtton,,,,,,,,,
648,http://vocab.performing-arts.ch/zfmag,http://vocab.performing-arts.ch/zfaut,False,Content,,,,,Magnetton,,,,,,,,,
649,http://vocab.performing-arts.ch/zfmon,http://vocab.performing-arts.ch/zfaut,False,Content,,,,,mono,,,,,,,,,
650,http://vocab.performing-arts.ch/zfmut,http://vocab.performing-arts.ch/zfaut,False,Content,,,,,mute,,,,,,,,,
651,http://vocab.performing-arts.ch/zfpcm,http://vocab.performing-arts.ch/zfaut,False,Content,,,,,PCM,,,,,,,,,
652,http://vocab.performing-arts.ch/zfste,http://vocab.performing-arts.ch/zfaut,False,Content,,,,,stereo,,,,,,,,,
653,http://vocab.performing-arts.ch/zfima,http://vocab.performing-arts.ch/zf,False,Content,,,,,Image,,,,,,,,,
654,http://vocab.performing-arts.ch/zfhi8,http://vocab.performing-arts.ch/zfima,False,Content,,,,,Hi8,,,,,,,,,
655,http://vocab.performing-arts.ch/zfeo8,http://vocab.performing-arts.ch/zfima,False,Content,,,,,Video8,,,,,,,,,
656,http://vocab.performing-arts.ch/zfslp,http://vocab.performing-arts.ch/zfima,False,Content,,,,,SLP (Super Long Play),,,,,,,,,
657,http://vocab.performing-arts.ch/zflon,http://vocab.performing-arts.ch/zfima,False,Content,,,,,LP (Long Play),,,,,,,,,
658,http://vocab.performing-arts.ch/zfvhs,http://vocab.performing-arts.ch/zfima,False,Content,,,,,VHS,,,,,,,,,
659,http://vocab.performing-arts.ch/zfsvh,http://vocab.performing-arts.ch/zfima,False,Content,,,,,S-VHS,,,,,,,,,
660,http://vocab.performing-arts.ch/zfal8,http://vocab.performing-arts.ch/zfima,False,Content,,,,,Digital8,,,,,,,,,
661,http://vocab.performing-arts.ch/zfsta,http://vocab.performing-arts.ch/zfima,False,Content,,,,,SP (Standard Play),,,,,,,,,
662,http://vocab.performing-arts.ch/zfbsp,http://vocab.performing-arts.ch/zfima,False,Content,,,,,Betacam SP,,,,,,,,,
663,http://vocab.performing-arts.ch/zfdib,http://vocab.performing-arts.ch/zfima,False,Content,,,,,DigitalBetacam,,,,,,,,,
664,http://vocab.performing-arts.ch/zfdva,http://vocab.performing-arts.ch/zfima,False,Content,,,,,DV,,,,,,,,,
665,http://vocab.performing-arts.ch/zfdvc,http://vocab.performing-arts.ch/zfima,False,Content,,,,,DVCAM,,,,,,,,,
666,http://vocab.performing-arts.ch/zfdvp,http://vocab.performing-arts.ch/zfima,False,Content,,,,,DVCPRO,,,,,,,,,
667,http://vocab.performing-arts.ch/zfhdv,http://vocab.performing-arts.ch/zfima,False,Content,,,,,HDV,,,,,,,,,
668,http://vocab.performing-arts.ch/zfuhb,http://vocab.performing-arts.ch/zfima,False,Content,,,,,U-matic HB (high-band),,,,,,,,,
669,http://vocab.performing-arts.ch/zfulb,http://vocab.performing-arts.ch/zfima,False,Content,,,,,U-matic LB (low-band),,,,,,,,,
670,http://vocab.performing-arts.ch/zfusp,http://vocab.performing-arts.ch/zfima,False,Content,,,,,U-matic SP (superior performance),,,,,,,,,
